20
1.000000000000 0.000000000000
4.000000000000 0.000000000000
3.939231012049 0.694592710668
3.758770483144 1.368080573303
3.464101615138 2.000000000000
3.064177772476 2.571150438746
2.571150438746 3.064177772476
2.000000000000 3.464101615138
1.368080573303 3.758770483144
0.694592710668 3.939231012049
0.000000000000 4.000000000000
0.000000000000 1.000000000000
0.173648177667 0.984807753012
0.342020143326 0.939692620786
0.500000000000 0.866025403784
0.642787609687 0.766044443119
0.766044443119 0.642787609687
0.866025403784 0.500000000000
0.939692620786 0.342020143326
0.984807753012 0.173648177667
1 1
20 1 2 3 4 5 6 7 8 9 10 11 12 13 14 15 16 17 18 19 20
20
1 2 1
2 3 4
3 4 4
4 5 4
5 6 4
6 7 4
7 8 4
8 9 4
9 10 4
10 11 4
11 12 2
12 13 3
13 14 3
14 15 3
15 16 3
16 17 3
17 18 3
18 19 3
19 20 3
20 1 3
