20
4.000000000000 0.000000000000
5.000000000000 0.000000000000
4.924038765061 0.868240888335
4.698463103930 1.710100716628
4.330127018922 2.500000000000
3.830222215595 3.213938048433
3.213938048433 3.830222215595
2.500000000000 4.330127018922
1.710100716628 4.698463103930
0.868240888335 4.924038765061
0.000000000000 5.000000000000
0.000000000000 4.000000000000
0.694592710668 3.939231012049
1.368080573303 3.758770483144
2.000000000000 3.464101615138
2.571150438746 3.064177772476
3.064177772476 2.571150438746
3.464101615138 2.000000000000
3.758770483144 1.368080573303
3.939231012049 0.694592710668
1 1
20 1 2 3 4 5 6 7 8 9 10 11 12 13 14 15 16 17 18 19 20
20
1 2 1
2 3 6
3 4 6
4 5 6
5 6 6
6 7 6
7 8 6
8 9 6
9 10 6
10 11 6
11 12 2
12 13 5
13 14 5
14 15 5
15 16 5
16 17 5
17 18 5
18 19 5
19 20 5
20 1 5
