128
0.00400000000000 0.00000000000000
0.00398073890669 0.00039206856132
0.00392314112161 0.00078036128806
0.00382776134293 0.00116113870902
0.00369551813005 0.00153073372946
0.00352768505739 0.00188558694730
0.00332587844921 0.00222228093208
0.00309204181345 0.00253757313665
0.00282842712475 0.00282842712475
0.00253757313665 0.00309204181345
0.00222228093208 0.00332587844921
0.00188558694730 0.00352768505739
0.00153073372946 0.00369551813005
0.00116113870902 0.00382776134293
0.00078036128806 0.00392314112161
0.00039206856132 0.00398073890669
0.00000000000000 0.00400000000000
-0.00039206856132 0.00398073890669
-0.00078036128806 0.00392314112161
-0.00116113870902 0.00382776134293
-0.00153073372946 0.00369551813005
-0.00188558694730 0.00352768505739
-0.00222228093208 0.00332587844921
-0.00253757313665 0.00309204181345
-0.00282842712475 0.00282842712475
-0.00309204181345 0.00253757313665
-0.00332587844921 0.00222228093208
-0.00352768505739 0.00188558694730
-0.00369551813005 0.00153073372946
-0.00382776134293 0.00116113870902
-0.00392314112161 0.00078036128806
-0.00398073890669 0.00039206856132
-0.00400000000000 0.00000000000000
-0.00398073890669 -0.00039206856132
-0.00392314112161 -0.00078036128806
-0.00382776134293 -0.00116113870902
-0.00369551813005 -0.00153073372946
-0.00352768505739 -0.00188558694730
-0.00332587844921 -0.00222228093208
-0.00309204181345 -0.00253757313665
-0.00282842712475 -0.00282842712475
-0.00253757313665 -0.00309204181345
-0.00222228093208 -0.00332587844921
-0.00188558694730 -0.00352768505739
-0.00153073372946 -0.00369551813005
-0.00116113870902 -0.00382776134293
-0.00078036128806 -0.00392314112161
-0.00039206856132 -0.00398073890669
-0.00000000000000 -0.00400000000000
0.00039206856132 -0.00398073890669
0.00078036128806 -0.00392314112161
0.00116113870902 -0.00382776134293
0.00153073372946 -0.00369551813005
0.00188558694730 -0.00352768505739
0.00222228093208 -0.00332587844921
0.00253757313665 -0.00309204181345
0.00282842712475 -0.00282842712475
0.00309204181345 -0.00253757313665
0.00332587844921 -0.00222228093208
0.00352768505739 -0.00188558694730
0.00369551813005 -0.00153073372946
0.00382776134293 -0.00116113870902
0.00392314112161 -0.00078036128806
0.00398073890669 -0.00039206856132
0.00099518472667 -0.00009801714033
0.00098078528040 -0.00019509032202
0.00095694033573 -0.00029028467725
0.00092387953251 -0.00038268343237
0.00088192126435 -0.00047139673683
0.00083146961230 -0.00055557023302
0.00077301045336 -0.00063439328416
0.00070710678119 -0.00070710678119
0.00063439328416 -0.00077301045336
0.00055557023302 -0.00083146961230
0.00047139673683 -0.00088192126435
0.00038268343237 -0.00092387953251
0.00029028467725 -0.00095694033573
0.00019509032202 -0.00098078528040
0.00009801714033 -0.00099518472667
-0.00000000000000 -0.00100000000000
-0.00009801714033 -0.00099518472667
-0.00019509032202 -0.00098078528040
-0.00029028467725 -0.00095694033573
-0.00038268343237 -0.00092387953251
-0.00047139673683 -0.00088192126435
-0.00055557023302 -0.00083146961230
-0.00063439328416 -0.00077301045336
-0.00070710678119 -0.00070710678119
-0.00077301045336 -0.00063439328416
-0.00083146961230 -0.00055557023302
-0.00088192126435 -0.00047139673683
-0.00092387953251 -0.00038268343237
-0.00095694033573 -0.00029028467725
-0.00098078528040 -0.00019509032202
-0.00099518472667 -0.00009801714033
-0.00100000000000 0.00000000000000
-0.00099518472667 0.00009801714033
-0.00098078528040 0.00019509032202
-0.00095694033573 0.00029028467725
-0.00092387953251 0.00038268343237
-0.00088192126435 0.00047139673683
-0.00083146961230 0.00055557023302
-0.00077301045336 0.00063439328416
-0.00070710678119 0.00070710678119
-0.00063439328416 0.00077301045336
-0.00055557023302 0.00083146961230
-0.00047139673683 0.00088192126435
-0.00038268343237 0.00092387953251
-0.00029028467725 0.00095694033573
-0.00019509032202 0.00098078528040
-0.00009801714033 0.00099518472667
0.00000000000000 0.00100000000000
0.00009801714033 0.00099518472667
0.00019509032202 0.00098078528040
0.00029028467725 0.00095694033573
0.00038268343237 0.00092387953251
0.00047139673683 0.00088192126435
0.00055557023302 0.00083146961230
0.00063439328416 0.00077301045336
0.00070710678119 0.00070710678119
0.00077301045336 0.00063439328416
0.00083146961230 0.00055557023302
0.00088192126435 0.00047139673683
0.00092387953251 0.00038268343237
0.00095694033573 0.00029028467725
0.00098078528040 0.00019509032202
0.00099518472667 0.00009801714033
0.00100000000000 0.00000000000000
1 2
64 1 2 3 4 5 6 7 8 9 10 11 12 13 14 15 16 17 18 19 20 21 22 23 24 25 26 27 28 29 30 31 32 33 34 35 36 37 38 39 40 41 42 43 44 45 46 47 48 49 50 51 52 53 54 55 56 57 58 59 60 61 62 63 64
64 65 66 67 68 69 70 71 72 73 74 75 76 77 78 79 80 81 82 83 84 85 86 87 88 89 90 91 92 93 94 95 96 97 98 99 100 101 102 103 104 105 106 107 108 109 110 111 112 113 114 115 116 117 118 119 120 121 122 123 124 125 126 127 128
128
1 2 4
2 3 4
3 4 4
4 5 4
5 6 4
6 7 4
7 8 4
8 9 4
9 10 4
10 11 4
11 12 4
12 13 4
13 14 4
14 15 4
15 16 4
16 17 4
17 18 4
18 19 4
19 20 4
20 21 4
21 22 4
22 23 4
23 24 4
24 25 4
25 26 4
26 27 4
27 28 4
28 29 4
29 30 4
30 31 4
31 32 4
32 33 4
33 34 4
34 35 4
35 36 4
36 37 4
37 38 4
38 39 4
39 40 4
40 41 4
41 42 4
42 43 4
43 44 4
44 45 4
45 46 4
46 47 4
47 48 4
48 49 4
49 50 4
50 51 4
51 52 4
52 53 4
53 54 4
54 55 4
55 56 4
56 57 4
57 58 4
58 59 4
59 60 4
60 61 4
61 62 4
62 63 4
63 64 4
64 1 4
65 66 3
66 67 3
67 68 3
68 69 3
69 70 3
70 71 3
71 72 3
72 73 3
73 74 3
74 75 3
75 76 3
76 77 3
77 78 3
78 79 3
79 80 3
80 81 3
81 82 3
82 83 3
83 84 3
84 85 3
85 86 3
86 87 3
87 88 3
88 89 3
89 90 3
90 91 3
91 92 3
92 93 3
93 94 3
94 95 3
95 96 3
96 97 3
97 98 3
98 99 3
99 100 3
100 101 3
101 102 3
102 103 3
103 104 3
104 105 3
105 106 3
106 107 3
107 108 3
108 109 3
109 110 3
110 111 3
111 112 3
112 113 3
113 114 3
114 115 3
115 116 3
116 117 3
117 118 3
118 119 3
119 120 3
120 121 3
121 122 3
122 123 3
123 124 3
124 125 3
125 126 3
126 127 3
127 128 3
128 65 3