128
0.00500000000000 0.00000000000000
0.00497592363336 0.00049008570165
0.00490392640202 0.00097545161008
0.00478470167866 0.00145142338627
0.00461939766256 0.00191341716183
0.00440960632174 0.00235698368413
0.00415734806151 0.00277785116510
0.00386505226681 0.00317196642082
0.00353553390593 0.00353553390593
0.00317196642082 0.00386505226681
0.00277785116510 0.00415734806151
0.00235698368413 0.00440960632174
0.00191341716183 0.00461939766256
0.00145142338627 0.00478470167866
0.00097545161008 0.00490392640202
0.00049008570165 0.00497592363336
0.00000000000000 0.00500000000000
-0.00049008570165 0.00497592363336
-0.00097545161008 0.00490392640202
-0.00145142338627 0.00478470167866
-0.00191341716183 0.00461939766256
-0.00235698368413 0.00440960632174
-0.00277785116510 0.00415734806151
-0.00317196642082 0.00386505226681
-0.00353553390593 0.00353553390593
-0.00386505226681 0.00317196642082
-0.00415734806151 0.00277785116510
-0.00440960632174 0.00235698368413
-0.00461939766256 0.00191341716183
-0.00478470167866 0.00145142338627
-0.00490392640202 0.00097545161008
-0.00497592363336 0.00049008570165
-0.00500000000000 0.00000000000000
-0.00497592363336 -0.00049008570165
-0.00490392640202 -0.00097545161008
-0.00478470167866 -0.00145142338627
-0.00461939766256 -0.00191341716183
-0.00440960632174 -0.00235698368413
-0.00415734806151 -0.00277785116510
-0.00386505226681 -0.00317196642082
-0.00353553390593 -0.00353553390593
-0.00317196642082 -0.00386505226681
-0.00277785116510 -0.00415734806151
-0.00235698368413 -0.00440960632174
-0.00191341716183 -0.00461939766256
-0.00145142338627 -0.00478470167866
-0.00097545161008 -0.00490392640202
-0.00049008570165 -0.00497592363336
-0.00000000000000 -0.00500000000000
0.00049008570165 -0.00497592363336
0.00097545161008 -0.00490392640202
0.00145142338627 -0.00478470167866
0.00191341716183 -0.00461939766256
0.00235698368413 -0.00440960632174
0.00277785116510 -0.00415734806151
0.00317196642082 -0.00386505226681
0.00353553390593 -0.00353553390593
0.00386505226681 -0.00317196642082
0.00415734806151 -0.00277785116510
0.00440960632174 -0.00235698368413
0.00461939766256 -0.00191341716183
0.00478470167866 -0.00145142338627
0.00490392640202 -0.00097545161008
0.00497592363336 -0.00049008570165
0.00398073890669 -0.00039206856132
0.00392314112161 -0.00078036128806
0.00382776134293 -0.00116113870902
0.00369551813005 -0.00153073372946
0.00352768505739 -0.00188558694730
0.00332587844921 -0.00222228093208
0.00309204181345 -0.00253757313665
0.00282842712475 -0.00282842712475
0.00253757313665 -0.00309204181345
0.00222228093208 -0.00332587844921
0.00188558694730 -0.00352768505739
0.00153073372946 -0.00369551813005
0.00116113870902 -0.00382776134293
0.00078036128806 -0.00392314112161
0.00039206856132 -0.00398073890669
-0.00000000000000 -0.00400000000000
-0.00039206856132 -0.00398073890669
-0.00078036128806 -0.00392314112161
-0.00116113870902 -0.00382776134293
-0.00153073372946 -0.00369551813005
-0.00188558694730 -0.00352768505739
-0.00222228093208 -0.00332587844921
-0.00253757313665 -0.00309204181345
-0.00282842712475 -0.00282842712475
-0.00309204181345 -0.00253757313665
-0.00332587844921 -0.00222228093208
-0.00352768505739 -0.00188558694730
-0.00369551813005 -0.00153073372946
-0.00382776134293 -0.00116113870902
-0.00392314112161 -0.00078036128806
-0.00398073890669 -0.00039206856132
-0.00400000000000 0.00000000000000
-0.00398073890669 0.00039206856132
-0.00392314112161 0.00078036128806
-0.00382776134293 0.00116113870902
-0.00369551813005 0.00153073372946
-0.00352768505739 0.00188558694730
-0.00332587844921 0.00222228093208
-0.00309204181345 0.00253757313665
-0.00282842712475 0.00282842712475
-0.00253757313665 0.00309204181345
-0.00222228093208 0.00332587844921
-0.00188558694730 0.00352768505739
-0.00153073372946 0.00369551813005
-0.00116113870902 0.00382776134293
-0.00078036128806 0.00392314112161
-0.00039206856132 0.00398073890669
0.00000000000000 0.00400000000000
0.00039206856132 0.00398073890669
0.00078036128806 0.00392314112161
0.00116113870902 0.00382776134293
0.00153073372946 0.00369551813005
0.00188558694730 0.00352768505739
0.00222228093208 0.00332587844921
0.00253757313665 0.00309204181345
0.00282842712475 0.00282842712475
0.00309204181345 0.00253757313665
0.00332587844921 0.00222228093208
0.00352768505739 0.00188558694730
0.00369551813005 0.00153073372946
0.00382776134293 0.00116113870902
0.00392314112161 0.00078036128806
0.00398073890669 0.00039206856132
0.00400000000000 0.00000000000000
1 2
64 1 2 3 4 5 6 7 8 9 10 11 12 13 14 15 16 17 18 19 20 21 22 23 24 25 26 27 28 29 30 31 32 33 34 35 36 37 38 39 40 41 42 43 44 45 46 47 48 49 50 51 52 53 54 55 56 57 58 59 60 61 62 63 64
64 65 66 67 68 69 70 71 72 73 74 75 76 77 78 79 80 81 82 83 84 85 86 87 88 89 90 91 92 93 94 95 96 97 98 99 100 101 102 103 104 105 106 107 108 109 110 111 112 113 114 115 116 117 118 119 120 121 122 123 124 125 126 127 128
128
1 2 6
2 3 6
3 4 6
4 5 6
5 6 6
6 7 6
7 8 6
8 9 6
9 10 6
10 11 6
11 12 6
12 13 6
13 14 6
14 15 6
15 16 6
16 17 6
17 18 6
18 19 6
19 20 6
20 21 6
21 22 6
22 23 6
23 24 6
24 25 6
25 26 6
26 27 6
27 28 6
28 29 6
29 30 6
30 31 6
31 32 6
32 33 6
33 34 6
34 35 6
35 36 6
36 37 6
37 38 6
38 39 6
39 40 6
40 41 6
41 42 6
42 43 6
43 44 6
44 45 6
45 46 6
46 47 6
47 48 6
48 49 6
49 50 6
50 51 6
51 52 6
52 53 6
53 54 6
54 55 6
55 56 6
56 57 6
57 58 6
58 59 6
59 60 6
60 61 6
61 62 6
62 63 6
63 64 6
64 1 6
65 66 5
66 67 5
67 68 5
68 69 5
69 70 5
70 71 5
71 72 5
72 73 5
73 74 5
74 75 5
75 76 5
76 77 5
77 78 5
78 79 5
79 80 5
80 81 5
81 82 5
82 83 5
83 84 5
84 85 5
85 86 5
86 87 5
87 88 5
88 89 5
89 90 5
90 91 5
91 92 5
92 93 5
93 94 5
94 95 5
95 96 5
96 97 5
97 98 5
98 99 5
99 100 5
100 101 5
101 102 5
102 103 5
103 104 5
104 105 5
105 106 5
106 107 5
107 108 5
108 109 5
109 110 5
110 111 5
111 112 5
112 113 5
113 114 5
114 115 5
115 116 5
116 117 5
117 118 5
118 119 5
119 120 5
120 121 5
121 122 5
122 123 5
123 124 5
124 125 5
125 126 5
126 127 5
127 128 5
128 65 5