153
1 0.000000 0.000000
2 0.125000 0.000000
3 0.250000 0.000000
4 0.375000 0.000000
5 0.500000 0.000000
6 0.625000 0.000000
7 0.750000 0.000000
8 0.875000 0.000000
9 1.000000 0.000000
10 1.125000 0.000000
11 1.250000 0.000000
12 1.375000 0.000000
13 1.500000 0.000000
14 1.625000 0.000000
15 1.750000 0.000000
16 1.875000 0.000000
17 2.000000 0.000000
18 0.000000 0.125000
19 0.125000 0.125000
20 0.250000 0.125000
21 0.375000 0.125000
22 0.500000 0.125000
23 0.625000 0.125000
24 0.750000 0.125000
25 0.875000 0.125000
26 1.000000 0.125000
27 1.125000 0.125000
28 1.250000 0.125000
29 1.375000 0.125000
30 1.500000 0.125000
31 1.625000 0.125000
32 1.750000 0.125000
33 1.875000 0.125000
34 2.000000 0.125000
35 0.000000 0.250000
36 0.125000 0.250000
37 0.250000 0.250000
38 0.375000 0.250000
39 0.500000 0.250000
40 0.625000 0.250000
41 0.750000 0.250000
42 0.875000 0.250000
43 1.000000 0.250000
44 1.125000 0.250000
45 1.250000 0.250000
46 1.375000 0.250000
47 1.500000 0.250000
48 1.625000 0.250000
49 1.750000 0.250000
50 1.875000 0.250000
51 2.000000 0.250000
52 0.000000 0.375000
53 0.125000 0.375000
54 0.250000 0.375000
55 0.375000 0.375000
56 0.500000 0.375000
57 0.625000 0.375000
58 0.750000 0.375000
59 0.875000 0.375000
60 1.000000 0.375000
61 1.125000 0.375000
62 1.250000 0.375000
63 1.375000 0.375000
64 1.500000 0.375000
65 1.625000 0.375000
66 1.750000 0.375000
67 1.875000 0.375000
68 2.000000 0.375000
69 0.000000 0.500000
70 0.125000 0.500000
71 0.250000 0.500000
72 0.375000 0.500000
73 0.500000 0.500000
74 0.625000 0.500000
75 0.750000 0.500000
76 0.875000 0.500000
77 1.000000 0.500000
78 1.125000 0.500000
79 1.250000 0.500000
80 1.375000 0.500000
81 1.500000 0.500000
82 1.625000 0.500000
83 1.750000 0.500000
84 1.875000 0.500000
85 2.000000 0.500000
86 0.000000 0.625000
87 0.125000 0.625000
88 0.250000 0.625000
89 0.375000 0.625000
90 0.500000 0.625000
91 0.625000 0.625000
92 0.750000 0.625000
93 0.875000 0.625000
94 1.000000 0.625000
95 1.125000 0.625000
96 1.250000 0.625000
97 1.375000 0.625000
98 1.500000 0.625000
99 1.625000 0.625000
100 1.750000 0.625000
101 1.875000 0.625000
102 2.000000 0.625000
103 0.000000 0.750000
104 0.125000 0.750000
105 0.250000 0.750000
106 0.375000 0.750000
107 0.500000 0.750000
108 0.625000 0.750000
109 0.750000 0.750000
110 0.875000 0.750000
111 1.000000 0.750000
112 1.125000 0.750000
113 1.250000 0.750000
114 1.375000 0.750000
115 1.500000 0.750000
116 1.625000 0.750000
117 1.750000 0.750000
118 1.875000 0.750000
119 2.000000 0.750000
120 0.000000 0.875000
121 0.125000 0.875000
122 0.250000 0.875000
123 0.375000 0.875000
124 0.500000 0.875000
125 0.625000 0.875000
126 0.750000 0.875000
127 0.875000 0.875000
128 1.000000 0.875000
129 1.125000 0.875000
130 1.250000 0.875000
131 1.375000 0.875000
132 1.500000 0.875000
133 1.625000 0.875000
134 1.750000 0.875000
135 1.875000 0.875000
136 2.000000 0.875000
137 0.000000 1.000000
138 0.125000 1.000000
139 0.250000 1.000000
140 0.375000 1.000000
141 0.500000 1.000000
142 0.625000 1.000000
143 0.750000 1.000000
144 0.875000 1.000000
145 1.000000 1.000000
146 1.125000 1.000000
147 1.250000 1.000000
148 1.375000 1.000000
149 1.500000 1.000000
150 1.625000 1.000000
151 1.750000 1.000000
152 1.875000 1.000000
153 2.000000 1.000000
256
1 2 19
1 19 18
2 3 20
2 20 19
3 4 21
3 21 20
4 5 22
4 22 21
5 6 23
5 23 22
6 7 24
6 24 23
7 8 25
7 25 24
8 9 26
8 26 25
9 10 27
9 27 26
10 11 28
10 28 27
11 12 29
11 29 28
12 13 30
12 30 29
13 14 31
13 31 30
14 15 32
14 32 31
15 16 33
15 33 32
16 17 34
16 34 33
18 19 36
18 36 35
19 20 37
19 37 36
20 21 38
20 38 37
21 22 39
21 39 38
22 23 40
22 40 39
23 24 41
23 41 40
24 25 42
24 42 41
25 26 43
25 43 42
26 27 44
26 44 43
27 28 45
27 45 44
28 29 46
28 46 45
29 30 47
29 47 46
30 31 48
30 48 47
31 32 49
31 49 48
32 33 50
32 50 49
33 34 51
33 51 50
35 36 53
35 53 52
36 37 54
36 54 53
37 38 55
37 55 54
38 39 56
38 56 55
39 40 57
39 57 56
40 41 58
40 58 57
41 42 59
41 59 58
42 43 60
42 60 59
43 44 61
43 61 60
44 45 62
44 62 61
45 46 63
45 63 62
46 47 64
46 64 63
47 48 65
47 65 64
48 49 66
48 66 65
49 50 67
49 67 66
50 51 68
50 68 67
52 53 70
52 70 69
53 54 71
53 71 70
54 55 72
54 72 71
55 56 73
55 73 72
56 57 74
56 74 73
57 58 75
57 75 74
58 59 76
58 76 75
59 60 77
59 77 76
60 61 78
60 78 77
61 62 79
61 79 78
62 63 80
62 80 79
63 64 81
63 81 80
64 65 82
64 82 81
65 66 83
65 83 82
66 67 84
66 84 83
67 68 85
67 85 84
69 70 87
69 87 86
70 71 88
70 88 87
71 72 89
71 89 88
72 73 90
72 90 89
73 74 91
73 91 90
74 75 92
74 92 91
75 76 93
75 93 92
76 77 94
76 94 93
77 78 95
77 95 94
78 79 96
78 96 95
79 80 97
79 97 96
80 81 98
80 98 97
81 82 99
81 99 98
82 83 100
82 100 99
83 84 101
83 101 100
84 85 102
84 102 101
86 87 104
86 104 103
87 88 105
87 105 104
88 89 106
88 106 105
89 90 107
89 107 106
90 91 108
90 108 107
91 92 109
91 109 108
92 93 110
92 110 109
93 94 111
93 111 110
94 95 112
94 112 111
95 96 113
95 113 112
96 97 114
96 114 113
97 98 115
97 115 114
98 99 116
98 116 115
99 100 117
99 117 116
100 101 118
100 118 117
101 102 119
101 119 118
103 104 121
103 121 120
104 105 122
104 122 121
105 106 123
105 123 122
106 107 124
106 124 123
107 108 125
107 125 124
108 109 126
108 126 125
109 110 127
109 127 126
110 111 128
110 128 127
111 112 129
111 129 128
112 113 130
112 130 129
113 114 131
113 131 130
114 115 132
114 132 131
115 116 133
115 133 132
116 117 134
116 134 133
117 118 135
117 135 134
118 119 136
118 136 135
120 121 138
120 138 137
121 122 139
121 139 138
122 123 140
122 140 139
123 124 141
123 141 140
124 125 142
124 142 141
125 126 143
125 143 142
126 127 144
126 144 143
127 128 145
127 145 144
128 129 146
128 146 145
129 130 147
129 147 146
130 131 148
130 148 147
131 132 149
131 149 148
132 133 150
132 150 149
133 134 151
133 151 150
134 135 152
134 152 151
135 136 153
135 153 152
4
1 2 3 4 5 6 7 8 9 10 11 12 13 14 15 16 17
17 34 51 68 85 102 119 136 153
153 152 151 150 149 148 147 146 145 144 143 142 141 140 139 138 137
137 120 103 86 69 52 35 18
