561
1 0.000000 0.000000
2 0.062500 0.000000
3 0.125000 0.000000
4 0.187500 0.000000
5 0.250000 0.000000
6 0.312500 0.000000
7 0.375000 0.000000
8 0.437500 0.000000
9 0.500000 0.000000
10 0.562500 0.000000
11 0.625000 0.000000
12 0.687500 0.000000
13 0.750000 0.000000
14 0.812500 0.000000
15 0.875000 0.000000
16 0.937500 0.000000
17 1.000000 0.000000
18 1.062500 0.000000
19 1.125000 0.000000
20 1.187500 0.000000
21 1.250000 0.000000
22 1.312500 0.000000
23 1.375000 0.000000
24 1.437500 0.000000
25 1.500000 0.000000
26 1.562500 0.000000
27 1.625000 0.000000
28 1.687500 0.000000
29 1.750000 0.000000
30 1.812500 0.000000
31 1.875000 0.000000
32 1.937500 0.000000
33 2.000000 0.000000
34 0.000000 0.062500
35 0.062500 0.062500
36 0.125000 0.062500
37 0.187500 0.062500
38 0.250000 0.062500
39 0.312500 0.062500
40 0.375000 0.062500
41 0.437500 0.062500
42 0.500000 0.062500
43 0.562500 0.062500
44 0.625000 0.062500
45 0.687500 0.062500
46 0.750000 0.062500
47 0.812500 0.062500
48 0.875000 0.062500
49 0.937500 0.062500
50 1.000000 0.062500
51 1.062500 0.062500
52 1.125000 0.062500
53 1.187500 0.062500
54 1.250000 0.062500
55 1.312500 0.062500
56 1.375000 0.062500
57 1.437500 0.062500
58 1.500000 0.062500
59 1.562500 0.062500
60 1.625000 0.062500
61 1.687500 0.062500
62 1.750000 0.062500
63 1.812500 0.062500
64 1.875000 0.062500
65 1.937500 0.062500
66 2.000000 0.062500
67 0.000000 0.125000
68 0.062500 0.125000
69 0.125000 0.125000
70 0.187500 0.125000
71 0.250000 0.125000
72 0.312500 0.125000
73 0.375000 0.125000
74 0.437500 0.125000
75 0.500000 0.125000
76 0.562500 0.125000
77 0.625000 0.125000
78 0.687500 0.125000
79 0.750000 0.125000
80 0.812500 0.125000
81 0.875000 0.125000
82 0.937500 0.125000
83 1.000000 0.125000
84 1.062500 0.125000
85 1.125000 0.125000
86 1.187500 0.125000
87 1.250000 0.125000
88 1.312500 0.125000
89 1.375000 0.125000
90 1.437500 0.125000
91 1.500000 0.125000
92 1.562500 0.125000
93 1.625000 0.125000
94 1.687500 0.125000
95 1.750000 0.125000
96 1.812500 0.125000
97 1.875000 0.125000
98 1.937500 0.125000
99 2.000000 0.125000
100 0.000000 0.187500
101 0.062500 0.187500
102 0.125000 0.187500
103 0.187500 0.187500
104 0.250000 0.187500
105 0.312500 0.187500
106 0.375000 0.187500
107 0.437500 0.187500
108 0.500000 0.187500
109 0.562500 0.187500
110 0.625000 0.187500
111 0.687500 0.187500
112 0.750000 0.187500
113 0.812500 0.187500
114 0.875000 0.187500
115 0.937500 0.187500
116 1.000000 0.187500
117 1.062500 0.187500
118 1.125000 0.187500
119 1.187500 0.187500
120 1.250000 0.187500
121 1.312500 0.187500
122 1.375000 0.187500
123 1.437500 0.187500
124 1.500000 0.187500
125 1.562500 0.187500
126 1.625000 0.187500
127 1.687500 0.187500
128 1.750000 0.187500
129 1.812500 0.187500
130 1.875000 0.187500
131 1.937500 0.187500
132 2.000000 0.187500
133 0.000000 0.250000
134 0.062500 0.250000
135 0.125000 0.250000
136 0.187500 0.250000
137 0.250000 0.250000
138 0.312500 0.250000
139 0.375000 0.250000
140 0.437500 0.250000
141 0.500000 0.250000
142 0.562500 0.250000
143 0.625000 0.250000
144 0.687500 0.250000
145 0.750000 0.250000
146 0.812500 0.250000
147 0.875000 0.250000
148 0.937500 0.250000
149 1.000000 0.250000
150 1.062500 0.250000
151 1.125000 0.250000
152 1.187500 0.250000
153 1.250000 0.250000
154 1.312500 0.250000
155 1.375000 0.250000
156 1.437500 0.250000
157 1.500000 0.250000
158 1.562500 0.250000
159 1.625000 0.250000
160 1.687500 0.250000
161 1.750000 0.250000
162 1.812500 0.250000
163 1.875000 0.250000
164 1.937500 0.250000
165 2.000000 0.250000
166 0.000000 0.312500
167 0.062500 0.312500
168 0.125000 0.312500
169 0.187500 0.312500
170 0.250000 0.312500
171 0.312500 0.312500
172 0.375000 0.312500
173 0.437500 0.312500
174 0.500000 0.312500
175 0.562500 0.312500
176 0.625000 0.312500
177 0.687500 0.312500
178 0.750000 0.312500
179 0.812500 0.312500
180 0.875000 0.312500
181 0.937500 0.312500
182 1.000000 0.312500
183 1.062500 0.312500
184 1.125000 0.312500
185 1.187500 0.312500
186 1.250000 0.312500
187 1.312500 0.312500
188 1.375000 0.312500
189 1.437500 0.312500
190 1.500000 0.312500
191 1.562500 0.312500
192 1.625000 0.312500
193 1.687500 0.312500
194 1.750000 0.312500
195 1.812500 0.312500
196 1.875000 0.312500
197 1.937500 0.312500
198 2.000000 0.312500
199 0.000000 0.375000
200 0.062500 0.375000
201 0.125000 0.375000
202 0.187500 0.375000
203 0.250000 0.375000
204 0.312500 0.375000
205 0.375000 0.375000
206 0.437500 0.375000
207 0.500000 0.375000
208 0.562500 0.375000
209 0.625000 0.375000
210 0.687500 0.375000
211 0.750000 0.375000
212 0.812500 0.375000
213 0.875000 0.375000
214 0.937500 0.375000
215 1.000000 0.375000
216 1.062500 0.375000
217 1.125000 0.375000
218 1.187500 0.375000
219 1.250000 0.375000
220 1.312500 0.375000
221 1.375000 0.375000
222 1.437500 0.375000
223 1.500000 0.375000
224 1.562500 0.375000
225 1.625000 0.375000
226 1.687500 0.375000
227 1.750000 0.375000
228 1.812500 0.375000
229 1.875000 0.375000
230 1.937500 0.375000
231 2.000000 0.375000
232 0.000000 0.437500
233 0.062500 0.437500
234 0.125000 0.437500
235 0.187500 0.437500
236 0.250000 0.437500
237 0.312500 0.437500
238 0.375000 0.437500
239 0.437500 0.437500
240 0.500000 0.437500
241 0.562500 0.437500
242 0.625000 0.437500
243 0.687500 0.437500
244 0.750000 0.437500
245 0.812500 0.437500
246 0.875000 0.437500
247 0.937500 0.437500
248 1.000000 0.437500
249 1.062500 0.437500
250 1.125000 0.437500
251 1.187500 0.437500
252 1.250000 0.437500
253 1.312500 0.437500
254 1.375000 0.437500
255 1.437500 0.437500
256 1.500000 0.437500
257 1.562500 0.437500
258 1.625000 0.437500
259 1.687500 0.437500
260 1.750000 0.437500
261 1.812500 0.437500
262 1.875000 0.437500
263 1.937500 0.437500
264 2.000000 0.437500
265 0.000000 0.500000
266 0.062500 0.500000
267 0.125000 0.500000
268 0.187500 0.500000
269 0.250000 0.500000
270 0.312500 0.500000
271 0.375000 0.500000
272 0.437500 0.500000
273 0.500000 0.500000
274 0.562500 0.500000
275 0.625000 0.500000
276 0.687500 0.500000
277 0.750000 0.500000
278 0.812500 0.500000
279 0.875000 0.500000
280 0.937500 0.500000
281 1.000000 0.500000
282 1.062500 0.500000
283 1.125000 0.500000
284 1.187500 0.500000
285 1.250000 0.500000
286 1.312500 0.500000
287 1.375000 0.500000
288 1.437500 0.500000
289 1.500000 0.500000
290 1.562500 0.500000
291 1.625000 0.500000
292 1.687500 0.500000
293 1.750000 0.500000
294 1.812500 0.500000
295 1.875000 0.500000
296 1.937500 0.500000
297 2.000000 0.500000
298 0.000000 0.562500
299 0.062500 0.562500
300 0.125000 0.562500
301 0.187500 0.562500
302 0.250000 0.562500
303 0.312500 0.562500
304 0.375000 0.562500
305 0.437500 0.562500
306 0.500000 0.562500
307 0.562500 0.562500
308 0.625000 0.562500
309 0.687500 0.562500
310 0.750000 0.562500
311 0.812500 0.562500
312 0.875000 0.562500
313 0.937500 0.562500
314 1.000000 0.562500
315 1.062500 0.562500
316 1.125000 0.562500
317 1.187500 0.562500
318 1.250000 0.562500
319 1.312500 0.562500
320 1.375000 0.562500
321 1.437500 0.562500
322 1.500000 0.562500
323 1.562500 0.562500
324 1.625000 0.562500
325 1.687500 0.562500
326 1.750000 0.562500
327 1.812500 0.562500
328 1.875000 0.562500
329 1.937500 0.562500
330 2.000000 0.562500
331 0.000000 0.625000
332 0.062500 0.625000
333 0.125000 0.625000
334 0.187500 0.625000
335 0.250000 0.625000
336 0.312500 0.625000
337 0.375000 0.625000
338 0.437500 0.625000
339 0.500000 0.625000
340 0.562500 0.625000
341 0.625000 0.625000
342 0.687500 0.625000
343 0.750000 0.625000
344 0.812500 0.625000
345 0.875000 0.625000
346 0.937500 0.625000
347 1.000000 0.625000
348 1.062500 0.625000
349 1.125000 0.625000
350 1.187500 0.625000
351 1.250000 0.625000
352 1.312500 0.625000
353 1.375000 0.625000
354 1.437500 0.625000
355 1.500000 0.625000
356 1.562500 0.625000
357 1.625000 0.625000
358 1.687500 0.625000
359 1.750000 0.625000
360 1.812500 0.625000
361 1.875000 0.625000
362 1.937500 0.625000
363 2.000000 0.625000
364 0.000000 0.687500
365 0.062500 0.687500
366 0.125000 0.687500
367 0.187500 0.687500
368 0.250000 0.687500
369 0.312500 0.687500
370 0.375000 0.687500
371 0.437500 0.687500
372 0.500000 0.687500
373 0.562500 0.687500
374 0.625000 0.687500
375 0.687500 0.687500
376 0.750000 0.687500
377 0.812500 0.687500
378 0.875000 0.687500
379 0.937500 0.687500
380 1.000000 0.687500
381 1.062500 0.687500
382 1.125000 0.687500
383 1.187500 0.687500
384 1.250000 0.687500
385 1.312500 0.687500
386 1.375000 0.687500
387 1.437500 0.687500
388 1.500000 0.687500
389 1.562500 0.687500
390 1.625000 0.687500
391 1.687500 0.687500
392 1.750000 0.687500
393 1.812500 0.687500
394 1.875000 0.687500
395 1.937500 0.687500
396 2.000000 0.687500
397 0.000000 0.750000
398 0.062500 0.750000
399 0.125000 0.750000
400 0.187500 0.750000
401 0.250000 0.750000
402 0.312500 0.750000
403 0.375000 0.750000
404 0.437500 0.750000
405 0.500000 0.750000
406 0.562500 0.750000
407 0.625000 0.750000
408 0.687500 0.750000
409 0.750000 0.750000
410 0.812500 0.750000
411 0.875000 0.750000
412 0.937500 0.750000
413 1.000000 0.750000
414 1.062500 0.750000
415 1.125000 0.750000
416 1.187500 0.750000
417 1.250000 0.750000
418 1.312500 0.750000
419 1.375000 0.750000
420 1.437500 0.750000
421 1.500000 0.750000
422 1.562500 0.750000
423 1.625000 0.750000
424 1.687500 0.750000
425 1.750000 0.750000
426 1.812500 0.750000
427 1.875000 0.750000
428 1.937500 0.750000
429 2.000000 0.750000
430 0.000000 0.812500
431 0.062500 0.812500
432 0.125000 0.812500
433 0.187500 0.812500
434 0.250000 0.812500
435 0.312500 0.812500
436 0.375000 0.812500
437 0.437500 0.812500
438 0.500000 0.812500
439 0.562500 0.812500
440 0.625000 0.812500
441 0.687500 0.812500
442 0.750000 0.812500
443 0.812500 0.812500
444 0.875000 0.812500
445 0.937500 0.812500
446 1.000000 0.812500
447 1.062500 0.812500
448 1.125000 0.812500
449 1.187500 0.812500
450 1.250000 0.812500
451 1.312500 0.812500
452 1.375000 0.812500
453 1.437500 0.812500
454 1.500000 0.812500
455 1.562500 0.812500
456 1.625000 0.812500
457 1.687500 0.812500
458 1.750000 0.812500
459 1.812500 0.812500
460 1.875000 0.812500
461 1.937500 0.812500
462 2.000000 0.812500
463 0.000000 0.875000
464 0.062500 0.875000
465 0.125000 0.875000
466 0.187500 0.875000
467 0.250000 0.875000
468 0.312500 0.875000
469 0.375000 0.875000
470 0.437500 0.875000
471 0.500000 0.875000
472 0.562500 0.875000
473 0.625000 0.875000
474 0.687500 0.875000
475 0.750000 0.875000
476 0.812500 0.875000
477 0.875000 0.875000
478 0.937500 0.875000
479 1.000000 0.875000
480 1.062500 0.875000
481 1.125000 0.875000
482 1.187500 0.875000
483 1.250000 0.875000
484 1.312500 0.875000
485 1.375000 0.875000
486 1.437500 0.875000
487 1.500000 0.875000
488 1.562500 0.875000
489 1.625000 0.875000
490 1.687500 0.875000
491 1.750000 0.875000
492 1.812500 0.875000
493 1.875000 0.875000
494 1.937500 0.875000
495 2.000000 0.875000
496 0.000000 0.937500
497 0.062500 0.937500
498 0.125000 0.937500
499 0.187500 0.937500
500 0.250000 0.937500
501 0.312500 0.937500
502 0.375000 0.937500
503 0.437500 0.937500
504 0.500000 0.937500
505 0.562500 0.937500
506 0.625000 0.937500
507 0.687500 0.937500
508 0.750000 0.937500
509 0.812500 0.937500
510 0.875000 0.937500
511 0.937500 0.937500
512 1.000000 0.937500
513 1.062500 0.937500
514 1.125000 0.937500
515 1.187500 0.937500
516 1.250000 0.937500
517 1.312500 0.937500
518 1.375000 0.937500
519 1.437500 0.937500
520 1.500000 0.937500
521 1.562500 0.937500
522 1.625000 0.937500
523 1.687500 0.937500
524 1.750000 0.937500
525 1.812500 0.937500
526 1.875000 0.937500
527 1.937500 0.937500
528 2.000000 0.937500
529 0.000000 1.000000
530 0.062500 1.000000
531 0.125000 1.000000
532 0.187500 1.000000
533 0.250000 1.000000
534 0.312500 1.000000
535 0.375000 1.000000
536 0.437500 1.000000
537 0.500000 1.000000
538 0.562500 1.000000
539 0.625000 1.000000
540 0.687500 1.000000
541 0.750000 1.000000
542 0.812500 1.000000
543 0.875000 1.000000
544 0.937500 1.000000
545 1.000000 1.000000
546 1.062500 1.000000
547 1.125000 1.000000
548 1.187500 1.000000
549 1.250000 1.000000
550 1.312500 1.000000
551 1.375000 1.000000
552 1.437500 1.000000
553 1.500000 1.000000
554 1.562500 1.000000
555 1.625000 1.000000
556 1.687500 1.000000
557 1.750000 1.000000
558 1.812500 1.000000
559 1.875000 1.000000
560 1.937500 1.000000
561 2.000000 1.000000
1024
1 2 35
1 35 34
2 3 36
2 36 35
3 4 37
3 37 36
4 5 38
4 38 37
5 6 39
5 39 38
6 7 40
6 40 39
7 8 41
7 41 40
8 9 42
8 42 41
9 10 43
9 43 42
10 11 44
10 44 43
11 12 45
11 45 44
12 13 46
12 46 45
13 14 47
13 47 46
14 15 48
14 48 47
15 16 49
15 49 48
16 17 50
16 50 49
17 18 51
17 51 50
18 19 52
18 52 51
19 20 53
19 53 52
20 21 54
20 54 53
21 22 55
21 55 54
22 23 56
22 56 55
23 24 57
23 57 56
24 25 58
24 58 57
25 26 59
25 59 58
26 27 60
26 60 59
27 28 61
27 61 60
28 29 62
28 62 61
29 30 63
29 63 62
30 31 64
30 64 63
31 32 65
31 65 64
32 33 66
32 66 65
34 35 68
34 68 67
35 36 69
35 69 68
36 37 70
36 70 69
37 38 71
37 71 70
38 39 72
38 72 71
39 40 73
39 73 72
40 41 74
40 74 73
41 42 75
41 75 74
42 43 76
42 76 75
43 44 77
43 77 76
44 45 78
44 78 77
45 46 79
45 79 78
46 47 80
46 80 79
47 48 81
47 81 80
48 49 82
48 82 81
49 50 83
49 83 82
50 51 84
50 84 83
51 52 85
51 85 84
52 53 86
52 86 85
53 54 87
53 87 86
54 55 88
54 88 87
55 56 89
55 89 88
56 57 90
56 90 89
57 58 91
57 91 90
58 59 92
58 92 91
59 60 93
59 93 92
60 61 94
60 94 93
61 62 95
61 95 94
62 63 96
62 96 95
63 64 97
63 97 96
64 65 98
64 98 97
65 66 99
65 99 98
67 68 101
67 101 100
68 69 102
68 102 101
69 70 103
69 103 102
70 71 104
70 104 103
71 72 105
71 105 104
72 73 106
72 106 105
73 74 107
73 107 106
74 75 108
74 108 107
75 76 109
75 109 108
76 77 110
76 110 109
77 78 111
77 111 110
78 79 112
78 112 111
79 80 113
79 113 112
80 81 114
80 114 113
81 82 115
81 115 114
82 83 116
82 116 115
83 84 117
83 117 116
84 85 118
84 118 117
85 86 119
85 119 118
86 87 120
86 120 119
87 88 121
87 121 120
88 89 122
88 122 121
89 90 123
89 123 122
90 91 124
90 124 123
91 92 125
91 125 124
92 93 126
92 126 125
93 94 127
93 127 126
94 95 128
94 128 127
95 96 129
95 129 128
96 97 130
96 130 129
97 98 131
97 131 130
98 99 132
98 132 131
100 101 134
100 134 133
101 102 135
101 135 134
102 103 136
102 136 135
103 104 137
103 137 136
104 105 138
104 138 137
105 106 139
105 139 138
106 107 140
106 140 139
107 108 141
107 141 140
108 109 142
108 142 141
109 110 143
109 143 142
110 111 144
110 144 143
111 112 145
111 145 144
112 113 146
112 146 145
113 114 147
113 147 146
114 115 148
114 148 147
115 116 149
115 149 148
116 117 150
116 150 149
117 118 151
117 151 150
118 119 152
118 152 151
119 120 153
119 153 152
120 121 154
120 154 153
121 122 155
121 155 154
122 123 156
122 156 155
123 124 157
123 157 156
124 125 158
124 158 157
125 126 159
125 159 158
126 127 160
126 160 159
127 128 161
127 161 160
128 129 162
128 162 161
129 130 163
129 163 162
130 131 164
130 164 163
131 132 165
131 165 164
133 134 167
133 167 166
134 135 168
134 168 167
135 136 169
135 169 168
136 137 170
136 170 169
137 138 171
137 171 170
138 139 172
138 172 171
139 140 173
139 173 172
140 141 174
140 174 173
141 142 175
141 175 174
142 143 176
142 176 175
143 144 177
143 177 176
144 145 178
144 178 177
145 146 179
145 179 178
146 147 180
146 180 179
147 148 181
147 181 180
148 149 182
148 182 181
149 150 183
149 183 182
150 151 184
150 184 183
151 152 185
151 185 184
152 153 186
152 186 185
153 154 187
153 187 186
154 155 188
154 188 187
155 156 189
155 189 188
156 157 190
156 190 189
157 158 191
157 191 190
158 159 192
158 192 191
159 160 193
159 193 192
160 161 194
160 194 193
161 162 195
161 195 194
162 163 196
162 196 195
163 164 197
163 197 196
164 165 198
164 198 197
166 167 200
166 200 199
167 168 201
167 201 200
168 169 202
168 202 201
169 170 203
169 203 202
170 171 204
170 204 203
171 172 205
171 205 204
172 173 206
172 206 205
173 174 207
173 207 206
174 175 208
174 208 207
175 176 209
175 209 208
176 177 210
176 210 209
177 178 211
177 211 210
178 179 212
178 212 211
179 180 213
179 213 212
180 181 214
180 214 213
181 182 215
181 215 214
182 183 216
182 216 215
183 184 217
183 217 216
184 185 218
184 218 217
185 186 219
185 219 218
186 187 220
186 220 219
187 188 221
187 221 220
188 189 222
188 222 221
189 190 223
189 223 222
190 191 224
190 224 223
191 192 225
191 225 224
192 193 226
192 226 225
193 194 227
193 227 226
194 195 228
194 228 227
195 196 229
195 229 228
196 197 230
196 230 229
197 198 231
197 231 230
199 200 233
199 233 232
200 201 234
200 234 233
201 202 235
201 235 234
202 203 236
202 236 235
203 204 237
203 237 236
204 205 238
204 238 237
205 206 239
205 239 238
206 207 240
206 240 239
207 208 241
207 241 240
208 209 242
208 242 241
209 210 243
209 243 242
210 211 244
210 244 243
211 212 245
211 245 244
212 213 246
212 246 245
213 214 247
213 247 246
214 215 248
214 248 247
215 216 249
215 249 248
216 217 250
216 250 249
217 218 251
217 251 250
218 219 252
218 252 251
219 220 253
219 253 252
220 221 254
220 254 253
221 222 255
221 255 254
222 223 256
222 256 255
223 224 257
223 257 256
224 225 258
224 258 257
225 226 259
225 259 258
226 227 260
226 260 259
227 228 261
227 261 260
228 229 262
228 262 261
229 230 263
229 263 262
230 231 264
230 264 263
232 233 266
232 266 265
233 234 267
233 267 266
234 235 268
234 268 267
235 236 269
235 269 268
236 237 270
236 270 269
237 238 271
237 271 270
238 239 272
238 272 271
239 240 273
239 273 272
240 241 274
240 274 273
241 242 275
241 275 274
242 243 276
242 276 275
243 244 277
243 277 276
244 245 278
244 278 277
245 246 279
245 279 278
246 247 280
246 280 279
247 248 281
247 281 280
248 249 282
248 282 281
249 250 283
249 283 282
250 251 284
250 284 283
251 252 285
251 285 284
252 253 286
252 286 285
253 254 287
253 287 286
254 255 288
254 288 287
255 256 289
255 289 288
256 257 290
256 290 289
257 258 291
257 291 290
258 259 292
258 292 291
259 260 293
259 293 292
260 261 294
260 294 293
261 262 295
261 295 294
262 263 296
262 296 295
263 264 297
263 297 296
265 266 299
265 299 298
266 267 300
266 300 299
267 268 301
267 301 300
268 269 302
268 302 301
269 270 303
269 303 302
270 271 304
270 304 303
271 272 305
271 305 304
272 273 306
272 306 305
273 274 307
273 307 306
274 275 308
274 308 307
275 276 309
275 309 308
276 277 310
276 310 309
277 278 311
277 311 310
278 279 312
278 312 311
279 280 313
279 313 312
280 281 314
280 314 313
281 282 315
281 315 314
282 283 316
282 316 315
283 284 317
283 317 316
284 285 318
284 318 317
285 286 319
285 319 318
286 287 320
286 320 319
287 288 321
287 321 320
288 289 322
288 322 321
289 290 323
289 323 322
290 291 324
290 324 323
291 292 325
291 325 324
292 293 326
292 326 325
293 294 327
293 327 326
294 295 328
294 328 327
295 296 329
295 329 328
296 297 330
296 330 329
298 299 332
298 332 331
299 300 333
299 333 332
300 301 334
300 334 333
301 302 335
301 335 334
302 303 336
302 336 335
303 304 337
303 337 336
304 305 338
304 338 337
305 306 339
305 339 338
306 307 340
306 340 339
307 308 341
307 341 340
308 309 342
308 342 341
309 310 343
309 343 342
310 311 344
310 344 343
311 312 345
311 345 344
312 313 346
312 346 345
313 314 347
313 347 346
314 315 348
314 348 347
315 316 349
315 349 348
316 317 350
316 350 349
317 318 351
317 351 350
318 319 352
318 352 351
319 320 353
319 353 352
320 321 354
320 354 353
321 322 355
321 355 354
322 323 356
322 356 355
323 324 357
323 357 356
324 325 358
324 358 357
325 326 359
325 359 358
326 327 360
326 360 359
327 328 361
327 361 360
328 329 362
328 362 361
329 330 363
329 363 362
331 332 365
331 365 364
332 333 366
332 366 365
333 334 367
333 367 366
334 335 368
334 368 367
335 336 369
335 369 368
336 337 370
336 370 369
337 338 371
337 371 370
338 339 372
338 372 371
339 340 373
339 373 372
340 341 374
340 374 373
341 342 375
341 375 374
342 343 376
342 376 375
343 344 377
343 377 376
344 345 378
344 378 377
345 346 379
345 379 378
346 347 380
346 380 379
347 348 381
347 381 380
348 349 382
348 382 381
349 350 383
349 383 382
350 351 384
350 384 383
351 352 385
351 385 384
352 353 386
352 386 385
353 354 387
353 387 386
354 355 388
354 388 387
355 356 389
355 389 388
356 357 390
356 390 389
357 358 391
357 391 390
358 359 392
358 392 391
359 360 393
359 393 392
360 361 394
360 394 393
361 362 395
361 395 394
362 363 396
362 396 395
364 365 398
364 398 397
365 366 399
365 399 398
366 367 400
366 400 399
367 368 401
367 401 400
368 369 402
368 402 401
369 370 403
369 403 402
370 371 404
370 404 403
371 372 405
371 405 404
372 373 406
372 406 405
373 374 407
373 407 406
374 375 408
374 408 407
375 376 409
375 409 408
376 377 410
376 410 409
377 378 411
377 411 410
378 379 412
378 412 411
379 380 413
379 413 412
380 381 414
380 414 413
381 382 415
381 415 414
382 383 416
382 416 415
383 384 417
383 417 416
384 385 418
384 418 417
385 386 419
385 419 418
386 387 420
386 420 419
387 388 421
387 421 420
388 389 422
388 422 421
389 390 423
389 423 422
390 391 424
390 424 423
391 392 425
391 425 424
392 393 426
392 426 425
393 394 427
393 427 426
394 395 428
394 428 427
395 396 429
395 429 428
397 398 431
397 431 430
398 399 432
398 432 431
399 400 433
399 433 432
400 401 434
400 434 433
401 402 435
401 435 434
402 403 436
402 436 435
403 404 437
403 437 436
404 405 438
404 438 437
405 406 439
405 439 438
406 407 440
406 440 439
407 408 441
407 441 440
408 409 442
408 442 441
409 410 443
409 443 442
410 411 444
410 444 443
411 412 445
411 445 444
412 413 446
412 446 445
413 414 447
413 447 446
414 415 448
414 448 447
415 416 449
415 449 448
416 417 450
416 450 449
417 418 451
417 451 450
418 419 452
418 452 451
419 420 453
419 453 452
420 421 454
420 454 453
421 422 455
421 455 454
422 423 456
422 456 455
423 424 457
423 457 456
424 425 458
424 458 457
425 426 459
425 459 458
426 427 460
426 460 459
427 428 461
427 461 460
428 429 462
428 462 461
430 431 464
430 464 463
431 432 465
431 465 464
432 433 466
432 466 465
433 434 467
433 467 466
434 435 468
434 468 467
435 436 469
435 469 468
436 437 470
436 470 469
437 438 471
437 471 470
438 439 472
438 472 471
439 440 473
439 473 472
440 441 474
440 474 473
441 442 475
441 475 474
442 443 476
442 476 475
443 444 477
443 477 476
444 445 478
444 478 477
445 446 479
445 479 478
446 447 480
446 480 479
447 448 481
447 481 480
448 449 482
448 482 481
449 450 483
449 483 482
450 451 484
450 484 483
451 452 485
451 485 484
452 453 486
452 486 485
453 454 487
453 487 486
454 455 488
454 488 487
455 456 489
455 489 488
456 457 490
456 490 489
457 458 491
457 491 490
458 459 492
458 492 491
459 460 493
459 493 492
460 461 494
460 494 493
461 462 495
461 495 494
463 464 497
463 497 496
464 465 498
464 498 497
465 466 499
465 499 498
466 467 500
466 500 499
467 468 501
467 501 500
468 469 502
468 502 501
469 470 503
469 503 502
470 471 504
470 504 503
471 472 505
471 505 504
472 473 506
472 506 505
473 474 507
473 507 506
474 475 508
474 508 507
475 476 509
475 509 508
476 477 510
476 510 509
477 478 511
477 511 510
478 479 512
478 512 511
479 480 513
479 513 512
480 481 514
480 514 513
481 482 515
481 515 514
482 483 516
482 516 515
483 484 517
483 517 516
484 485 518
484 518 517
485 486 519
485 519 518
486 487 520
486 520 519
487 488 521
487 521 520
488 489 522
488 522 521
489 490 523
489 523 522
490 491 524
490 524 523
491 492 525
491 525 524
492 493 526
492 526 525
493 494 527
493 527 526
494 495 528
494 528 527
496 497 530
496 530 529
497 498 531
497 531 530
498 499 532
498 532 531
499 500 533
499 533 532
500 501 534
500 534 533
501 502 535
501 535 534
502 503 536
502 536 535
503 504 537
503 537 536
504 505 538
504 538 537
505 506 539
505 539 538
506 507 540
506 540 539
507 508 541
507 541 540
508 509 542
508 542 541
509 510 543
509 543 542
510 511 544
510 544 543
511 512 545
511 545 544
512 513 546
512 546 545
513 514 547
513 547 546
514 515 548
514 548 547
515 516 549
515 549 548
516 517 550
516 550 549
517 518 551
517 551 550
518 519 552
518 552 551
519 520 553
519 553 552
520 521 554
520 554 553
521 522 555
521 555 554
522 523 556
522 556 555
523 524 557
523 557 556
524 525 558
524 558 557
525 526 559
525 559 558
526 527 560
526 560 559
527 528 561
527 561 560
4
1 2 3 4 5 6 7 8 9 10 11 12 13 14 15 16 17 18 19 20 21 22 23 24 25 26 27 28 29 30 31 32 33
33 66 99 132 165 198 231 264 297 330 363 396 429 462 495 528 561
561 560 559 558 557 556 555 554 553 552 551 550 549 548 547 546 545 544 543 542 541 540 539 538 537 536 535 534 533 532 531 530 529
529 496 463 430 397 364 331 298 265 232 199 166 133 100 67 34
