205
# id x y ux uy ux_exact uy_exact err
0 0 0 0.001 -0.0005 0.001 -0.0005 0
1 1 0 0.003 0.0005 0.003 0.0005 0
2 1 1 0.0015 0.0035 0.0015 0.0035 0
3 0 1 -0.0005 0.0025 -0.0005 0.0025 0
4 0.1 0 0.0012 -0.0004 0.0012 -0.0004 0
5 0.2 0 0.0014 -0.0003 0.0014 -0.0003 0
6 0.3 0 0.0016 -0.0002 0.0016 -0.0002 0
7 0.4 0 0.0018 -9.999999999999999e-05 0.0018 -9.999999999999999e-05 0
8 0.5 0 0.002 0 0.002 0 0
9 0.6 0 0.0022 9.999999999999994e-05 0.0022 9.999999999999994e-05 0
10 0.7 0 0.0024 0.0002 0.0024 0.0002 0
11 0.8 0 0.0026 0.0003 0.0026 0.0003 0
12 0.9 0 0.0028 0.0004000000000000001 0.0028 0.0004000000000000001 0
13 1 0.1 0.00285 0.0008 0.00285 0.0008 0
14 1 0.2 0.0027 0.0011 0.0027 0.0011 0
15 1 0.3 0.00255 0.0014 0.00255 0.0014 0
16 1 0.4 0.0024 0.0017 0.0024 0.0017 0
17 1 0.5 0.00225 0.002 0.00225 0.002 0
18 1 0.6 0.0021 0.0023 0.0021 0.0023 0
19 1 0.7 0.00195 0.0026 0.00195 0.0026 0
20 1 0.8 0.0018 0.0029 0.0018 0.0029 0
21 1 0.9 0.00165 0.0032 0.00165 0.0032 0
22 0.9 1 0.0013 0.0034 0.0013 0.0034 0
23 0.8 1 0.0011 0.0033 0.0011 0.0033 0
24 0.7 1 0.0009000000000000002 0.0032 0.0009000000000000002 0.0032 0
25 0.6 1 0.0006999999999999997 0.0031 0.0006999999999999997 0.0031 0
26 0.5 1 0.0005 0.003 0.0005 0.003 0
27 0.4 1 0.0002999999999999999 0.0029 0.0002999999999999999 0.0029 0
28 0.3 1 9.999999999999983e-05 0.0028 9.999999999999983e-05 0.0028 0
29 0.2 1 -0.0001 0.0027 -0.0001 0.0027 0
30 0.1 1 -0.0002999999999999999 0.0026 -0.0002999999999999999 0.0026 0
31 0 0.9 -0.0003500000000000001 0.0022 -0.0003500000000000001 0.0022 0
32 0 0.8 -0.0002000000000000001 0.0019 -0.0002000000000000001 0.0019 0
33 0 0.7 -4.999999999999991e-05 0.0016 -4.999999999999991e-05 0.0016 0
34 0 0.6 0.0001 0.0013 0.0001 0.0013 0
35 0 0.5 0.00025 0.001 0.00025 0.001 0
36 0 0.4 0.0004 0.0007000000000000001 0.0004 0.0007000000000000001 0
37 0 0.3 0.00055 0.0004 0.00055 0.0004 0
38 0 0.2 0.0007 0.0001 0.0007 0.0001 0
39 0 0.1 0.0008500000000000001 -0.0002 0.0008500000000000001 -0.0002 0
40 0.0704990413083255 0.92545906733798 -0.0002471905183903189 0.002346876243322265 -0.0002471905183903189 0.002346876243322265 0
41 0.922112715871851 0.9288889343897559 0.001450892030159067 0.003208779519041119 0.001450892030159068 0.003208779519041119 1.167721476617542e-18
42 0.927690878023877 0.0757018290622164 0.002741829012454428 0.0006547963652105269 0.002741829012454429 0.0006547963652105262 1.084202172485504e-18
43 0.0779999924743305 0.07272894645291671 0.001046906565269286 -0.0002038131681669194 0.001046906565269286 -0.0002038131681669194 2.235140038340936e-19
44 0.0769492559760908 0.150081190488491 0.000928776726219445 2.719282744156384e-05 0.0009287767262194451 2.719282744156377e-05 1.278542854820378e-19
45 0.06330673475738149 0.8510219161331209 -0.0001499194046849182 0.002116372483156745 -0.0001499194046849185 0.002116372483156745 2.981555974335137e-19
46 0.851117312054942 0.0729613832495653 0.002592792549235536 0.0005700014618036382 0.002592792549235536 0.0005700014618036379 5.421010862427522e-19
47 0.156870250609143 0.0659377727485492 0.001214833842095462 -0.0001453164311452095 0.001214833842095462 -0.0001453164311452094 2.315856855599388e-19
48 0.134180978352622 0.120354930680218 0.001087829560684917 -4.754229606723895e-06 0.001087829560684917 -4.754229606723976e-06 2.315856855599388e-19
49 0.145598344709051 0.926671647341339 -9.881078159390614e-05 0.002425613286733068 -9.881078159390631e-05 0.002425613286733068 1.626303258728257e-19
50 0.114089678408001 0.875061049444684 -8.44122173510237e-05 0.002239272826742053 -8.441221735102419e-05 0.002239272826742053 6.52776150125814e-19
51 0.844021729846947 0.93681648375787 0.001282818734057088 0.003154471181120557 0.001282818734057089 0.003154471181120557 1.167721476617542e-18
52 0.922459711088193 0.852659814178259 0.001565929700908997 0.002980439153622971 0.001565929700908998 0.00298043915362297 9.697399036122161e-19
53 0.866195462480928 0.883857556628627 0.001406604590018914 0.003017768132366809 0.001406604590018916 0.003017768132366809 1.167721476617542e-18
54 0.934370515304163 0.152923859781728 0.002639355240935733 0.0008931420946493477 0.002639355240935734 0.0008931420946493472 1.022834283856303e-18
55 0.880658029365856 0.128325968973691 0.002568827105271174 0.0007656359362869297 0.002568827105271176 0.000765635936286929 1.852685484479511e-18
56 0.0970623974153224 0.225959925467016 0.0008551849066301205 0.0002749421738163706 0.0008551849066301208 0.0002749421738163704 3.63652463854581e-19
57 0.0580732861393392 0.273643828433981 0.0007056808296277068 0.0003790047714412823 0.0007056808296277069 0.0003790047714412821 1.954573262932969e-19
58 0.152452987157045 0.181443673210533 0.00103274046449829 0.0001967840067886443 0.00103274046449829 0.0001967840067886441 3.066586833366748e-19
59 0.0703490725280982 0.343979393843234 0.0006247290542913455 0.0006022872540578006 0.0006247290542913455 0.0006022872540578004 2.168404344971009e-19
60 0.949074836275665 0.265759718627188 0.002499510094610548 0.00124635399215723 0.002499510094610548 0.001246353992157229 1.167721476617542e-18
61 0.928777735848779 0.216646601476002 0.002532585569483555 0.001078717540276786 0.002532585569483555 0.001078717540276785 1.301042606982605e-18
62 0.869097285332079 0.1968690972479 0.002442890924792307 0.0009597045770757793 0.002442890924792308 0.000959704577075779 5.421010862427522e-19
63 0.925250557838301 0.344471722659737 0.002333793531686997 0.001458665725817513 0.002333793531686996 0.001458665725817512 1.226634733346699e-18
64 0.270486813837507 0.0500027504174741 0.001465969502048802 -7.950493491007063e-05 0.001465969502048803 -7.950493491007071e-05 6.555838024382534e-19
65 0.22240821423563 0.0709597240548244 0.001338376842389023 -6.471261359989661e-05 0.001338376842389023 -6.471261359989683e-05 4.84869951806108e-19
66 0.206633060214563 0.131583336326807 0.001215891115938915 0.0001013830691949843 0.001215891115938916 0.000101383069194984 3.471140604459642e-19
67 0.351975032180561 0.0717793173567253 0.001596281088326034 6.731298425073694e-05 0.001596281088326034 6.731298425073686e-05 4.412383163948269e-19
68 0.0625891492720148 0.726497980341018 3.543132803250287e-05 0.001742083090295068 3.543132803250268e-05 0.001742083090295069 8.864482065387982e-19
69 0.0741243823070601 0.788709888355043 -3.481606791844429e-05 0.001940254047372189 -3.481606791844432e-05 0.001940254047372189 4.350023446299352e-19
70 0.121128016273842 0.816901782185768 1.690335926903217e-05 0.002071833362831145 1.690335926903181e-05 0.002071833362831146 9.400768367348327e-19
71 0.0586026475907068 0.645729102741085 0.0001486116410697862 0.001495789955813961 0.0001486116410697861 0.001495789955813962 4.370558682921689e-19
72 0.219085285222937 0.904259011553456 8.178205311569054e-05 0.002431862319883306 8.178205311569009e-05 0.002431862319883305 1.375765087439058e-18
73 0.270281761251376 0.9417504759005501 0.0001279378086519272 0.002595533188953027 0.0001279378086519269 0.002595533188953026 5.114171419281514e-19
74 0.169916870319086 0.855251086056865 5.695711155287492e-05 0.002235670128489681 5.695711155287463e-05 0.002235670128489681 9.128610475519329e-19
75 0.341475977494695 0.928986426962039 0.0002894723145463315 0.002628435258380812 0.0002894723145463313 0.002628435258380812 2.168404344971009e-19
76 0.732137434488528 0.952156785262429 0.001036039691083413 0.003088607790275815 0.001036039691083412 0.003088607790275815 4.84869951806108e-19
77 0.77992498763268 0.9325914563175119 0.001160962790789092 0.003077699356585215 0.001160962790789092 0.003077699356585216 8.673617379884035e-19
78 0.795898055594733 0.875561299120441 0.001278454162508804 0.002922581952956053 0.001278454162508804 0.002922581952956056 3.157244383156457e-18
79 0.653194600007322 0.929769811109617 0.0009117344833502193 0.002942504033336171 0.0009117344833502186 0.002942504033336173 1.506221795449467e-18
80 0.899965192767799 0.777851225691268 0.001633153546998696 0.002733518869841605 0.001633153546998696 0.002733518869841603 1.734723475976807e-18
81 0.93933163091139 0.727818547918573 0.001786935439944921 0.002622787274667111 0.00178693543994492 0.002622787274667109 1.748223473168676e-18
82 0.8464858475275689 0.825361556705497 0.001454929359996891 0.002822570517644061 0.001454929359996893 0.00282257051764406 1.167721476617542e-18
83 0.926114171892077 0.656149472064273 0.001868004135687745 0.002394562588084897 0.001868004135687744 0.002394562588084896 8.940560153363745e-19
84 0.77734097856078 0.0905668943899289 0.002418831615536666 0.0005490416617305667 0.002418831615536667 0.0005490416617305667 8.673617379884035e-19
85 0.729353376762747 0.0543350444619808 0.002377204186832522 0.0003923585101486896 0.002377204186832523 0.0003923585101486894 1.742330095302999e-18
86 0.821014882901454 0.143173969225679 0.002427268811964388 0.0007505367905784909 0.002427268811964389 0.0007505367905784909 8.673617379884035e-19
87 0.6602014111771179 0.0670867296084483 0.002219772727941561 0.0003614616000024628 0.002219772727941563 0.0003614616000024628 2.169081865482768e-18
88 0.08754633477791771 0.413717850114422 0.0005545158943842028 0.0008286998851211843 0.0005545158943842024 0.0008286998851211837 6.321930712049744e-19
89 0.0699674679084865 0.481071738293204 0.0004183273283771677 0.001013182682788099 0.000418327328377167 0.001013182682788098 7.373371937284244e-19
90 0.0608437905582399 0.563333215899438 0.0002766877572673229 0.001250843438256553 0.0002766877572673229 0.001250843438256554 4.336808689942018e-19
91 0.581577257106046 0.0928584563725794 0.00202386682965322 0.0003601526262237843 0.002023866829653223 0.0003601526262237842 2.607162458234983e-18
92 0.527016065858835 0.0541261604034992 0.00197284289111242 0.0001893945470693324 0.001972842891112421 0.0001893945470693326 1.328977148829312e-18
93 0.450686838699768 0.062033914658502 0.001808322805411782 0.0001367885826752737 0.001808322805411783 0.000136788582675274 1.117570019170468e-18
94 0.42189415696564 0.9051949776617429 0.0004859958474386652 0.002637479089950869 0.0004859958474386656 0.002637479089950869 4.336808689942018e-19
95 0.475618940188964 0.944472971066819 0.0005345284237776993 0.002809037853389422 0.0005345284237776994 0.002809037853389422 1.084202172485504e-19
96 0.553380649182698 0.936822326099461 0.000701527809216205 0.002863847627481082 0.0007015278092162046 0.002863847627481081 5.421010862427522e-19
97 0.901544158579958 0.575028243841871 0.001940545951397109 0.002126628890105572 0.001940545951397109 0.002126628890105571 1.084202172485504e-18
98 0.942254766326076 0.522795704576845 0.002100315975786885 0.002010641880056611 0.002100315975786885 0.002010641880056611 4.336808689942018e-19
99 0.933832772328317 0.444958141556388 0.002200228332322053 0.001768707196997482 0.002200228332322052 0.001768707196997481 9.697399036122161e-19
100 0.7533366036022831 0.158909693581437 0.002268308666832409 0.0007300656843465942 0.002268308666832411 0.0007300656843465939 1.748223473168676e-18
101 0.709225151683016 0.114021864245364 0.002247417506997984 0.0005512907444191078 0.002247417506997986 0.000551290744419108 1.748223473168676e-18
102 0.794540119881019 0.211411195005432 0.002271963447253889 0.0009287737048973147 0.00227196344725389 0.000928773704897315 9.263427422397553e-19
103 0.641053944976027 0.141305523873713 0.002070149604141483 0.0005649705165971659 0.002070149604141485 0.000564970516597166 1.738108305489989e-18
104 0.694065678321275 0.171927737979409 0.002130239749673435 0.0007098488922595018 0.002130239749673437 0.000709848892259502 1.318988870012551e-18
105 0.723834980194405 0.222357378588696 0.002114133892505765 0.000890907115960493 0.002114133892505766 0.000890907115960493 4.336808689942018e-19
106 0.891346774957007 0.267680627955681 0.002381172607980491 0.001194388658824051 0.002381172607980492 0.00119438865882405 1.69357793325444e-18
107 0.832974725458612 0.257922180832476 0.002279066179668509 0.00110674126795604 0.00227906617966851 0.00110674126795604 1.734723475976807e-18
108 0.842906575608105 0.324414878708389 0.002199190833153625 0.001316151211733273 0.002199190833153627 0.001316151211733272 1.454609855418324e-18
109 0.859594673824893 0.408489391963431 0.00210645525970464 0.001585062849715187 0.002106455259704639 0.001585062849715186 1.748223473168676e-18
110 0.766984110496116 0.289235607085382 0.002100114810364158 0.001134690931752262 0.002100114810364159 0.001134690931752262 1.301042606982605e-18
111 0.781290586232966 0.378690542415519 0.001994545358842655 0.001417362213479525 0.001994545358842653 0.001417362213479523 1.839952100020049e-18
112 0.875897669343471 0.493992449447641 0.002010806664515481 0.001857875017686395 0.00201080666451548 0.001857875017686394 1.167721476617542e-18
113 0.798391862314717 0.464409420835441 0.001900169593376272 0.001691620124821042 0.001900169593376273 0.00169162012482104 2.045668567712606e-18
114 0.820936034644104 0.756175743256213 0.001507608454403889 0.002589463264412743 0.001507608454403889 0.002589463264412743 4.336808689942018e-19
115 0.870579540356137 0.705092347372793 0.001683520559653085 0.002485856582474518 0.001683520559653084 0.002485856582474516 1.748223473168676e-18
116 0.773461722618257 0.806064147446923 0.001337827224066128 0.002691654164959025 0.001337827224066129 0.002691654164959026 1.999170025984728e-18
117 0.845231143043456 0.628958279780824 0.001747024866415676 0.002232105982385929 0.001747024866415676 0.002232105982385928 6.133173666733497e-19
118 0.819769196683593 0.548274368311503 0.00181712684089993 0.001964592301618103 0.001817126840899932 0.001964592301618102 2.335442953235085e-18
119 0.791900339624897 0.683601332827566 0.001558398680008444 0.002342704338107595 0.001558398680008445 0.002342704338107595 9.697399036122161e-19
120 0.743225974066818 0.739084831213878 0.001377824701312818 0.002460480467708452 0.001377824701312819 0.002460480467708452 7.818293051731877e-19
121 0.7614816312866221 0.6056048013088851 0.001614556060609915 0.002078296035213278 0.001614556060609916 0.002078296035213277 1.563658610346375e-18
122 0.709950108228485 0.666692968916145 0.001419860763082752 0.00221002901497692 0.001419860763082753 0.00221002901497692 1.084202172485504e-18
123 0.736070427104952 0.521653710669437 0.001689660288205746 0.001801031559113265 0.001689660288205748 0.001801031559113263 3.252606517456513e-18
124 0.717731106793258 0.435357072269635 0.001782426605182063 0.001523802323602164 0.001782426605182063 0.001523802323602163 9.697399036122161e-19
125 0.702137715351234 0.350237909213748 0.001878918566881847 0.001252851442992479 0.001878918566881846 0.001252851442992478 1.264386142409949e-18
126 0.6912064801017 0.279616141689376 0.001962988747669336 0.001030054905169828 0.001962988747669336 0.001030054905169828 6.505213034913027e-19
127 0.64287908752162 0.22304478699033 0.001951190994557746 0.0008120134484926099 0.001951190994557745 0.00081201344849261 1.305552300251628e-18
128 0.665971331268232 0.584449269623226 0.001455268758101624 0.001919319140137911 0.001455268758101625 0.00191931914013791 1.454609855418324e-18
129 0.653080380460651 0.49182852920798 0.00156841796710933 0.001628565968084591 0.001568417967109332 0.001628565968084591 1.371419323662774e-18
130 0.63541857978268 0.405323503074817 0.001662851904953136 0.001351389089007131 0.001662851904953134 0.001351389089007131 1.533293416683374e-18
131 0.6201981269111621 0.313205683321661 0.001770587728839833 0.001059815176876145 0.001770587728839833 0.001059815176876145 4.84869951806108e-19
132 0.727568440292685 0.898423008196678 0.001107502368290353 0.002922837464882718 0.001107502368290353 0.002922837464882719 9.697399036122161e-19
133 0.73362998980183 0.845815615567976 0.001198536556251695 0.002771076836505757 0.001198536556251696 0.002771076836505758 9.697399036122161e-19
134 0.670626596358081 0.854643498941546 0.001059287944303843 0.002734557093182718 0.001059287944303843 0.002734557093182719 1.371419323662774e-18
135 0.588650707030471 0.866343723597393 0.0008777858286648525 0.00268768187782265 0.0008777858286648527 0.00268768187782265 4.84869951806108e-19
136 0.700596303799798 0.79438660134517 0.00120961270558184 0.002583756107835309 0.001209612705581841 0.002583756107835308 1.563658610346375e-18
137 0.66251367616248 0.727589147488063 0.001233643631092865 0.00234528111862667 0.001233643631092866 0.002345281118626669 1.084202172485504e-18
138 0.634610473573025 0.65982956190426 0.001279476604289659 0.002114099159285806 0.00127947660428966 0.002114099159285805 1.226634733346699e-18
139 0.620121384438217 0.7931229874885301 0.001050558287643637 0.002499490346903806 0.001050558287643639 0.002499490346903807 1.939479807224432e-18
140 0.566580357482716 0.712418971318991 0.001064532257986945 0.002203837271439689 0.001064532257986945 0.002203837271439689 6.133173666733497e-19
141 0.502820601272668 0.880347840100791 0.000685119442394149 0.002643864121575042 0.0006851194423941496 0.002643864121575041 1.084202172485504e-18
142 0.531762239242572 0.803356623979548 0.0008584895425158219 0.002441832111181217 0.000858489542515822 0.002441832111181216 1.305552300251628e-18
143 0.568038845183196 0.6079982468519159 0.001224080320088518 0.001892033585738942 0.001224080320088518 0.001892033585738944 1.748223473168676e-18
144 0.598571578927759 0.537538747539817 0.001390835036545791 0.001711187821547209 0.001390835036545792 0.00171118782154721 1.999170025984728e-18
145 0.5647224323879519 0.466650162033198 0.001429469621726106 0.001464672918487544 0.001429469621726107 0.001464672918487546 1.939479807224432e-18
146 0.554644718732579 0.374662881572738 0.001547295115106052 0.001178633363450792 0.001547295115106051 0.001178633363450793 1.167721476617542e-18
147 0.543683315886876 0.305548028951455 0.001629044588346571 0.0009603274027412403 0.001629044588346569 0.000960327402741241 1.506221795449467e-18
148 0.5714197377908939 0.254007646502 0.001761828005828789 0.0008334426772968934 0.001761828005828788 0.0008334426772968939 1.409462824231156e-18
149 0.558376991972816 0.178894340833719 0.001848412472695053 0.0005950600144739727 0.001848412472695054 0.000595060014473973 1.131940299837537e-18
150 0.502816882579047 0.115738694069956 0.001832025724053159 0.0003500329647889148 0.00183202572405316 0.0003500329647889149 1.311167604876507e-18
151 0.491962569493492 0.249345961348433 0.001609906196964335 0.0007400004535387906 0.001609906196964335 0.0007400004535387909 9.263427422397553e-19
152 0.476931263750263 0.175960046503268 0.001689922457745624 0.0005048114032600667 0.001689922457745624 0.000504811403260067 3.252606517456513e-19
153 0.422313913954706 0.130559665770409 0.001648788329253798 0.0003139929112659329 0.001648788329253799 0.0003139929112659331 6.85709661831387e-19
154 0.237867924201011 0.826374218825998 0.0002361745201630251 0.002216990580679006 0.0002361745201630249 0.002216990580679005 5.114171419281514e-19
155 0.290848209287292 0.875507213244726 0.0002684355987074956 0.00241736984902147 0.0002684355987074949 0.00241736984902147 8.27481395170902e-19
156 0.181732903162776 0.782239187340631 0.0001901070253146054 0.002028450465184669 0.0001901070253146054 0.002028450465184669 5.421010862427522e-20
157 0.36583302633311 0.8514664217890791 0.0004544664199826015 0.002420232291700346 0.0004544664199826016 0.002420232291700347 8.741117365843378e-19
158 0.445618205790143 0.825896945091192 0.0006523909939434975 0.002423309041063718 0.0006523909939434979 0.002423309041063719 1.371419323662774e-18
159 0.310546413039777 0.800207186959187 0.0004207820456407737 0.002211167973917338 0.0004207820456407732 0.002211167973917338 6.52776150125814e-19
160 0.255079977746712 0.740782491686424 0.000398986217963788 0.001977427452805985 0.0003989862179637881 0.001977427452805984 8.824766327896538e-19
161 0.384617148036338 0.773006578315686 0.0006097244285991471 0.002203636882983395 0.0006097244285991471 0.002203636882983396 8.673617379884035e-19
162 0.329034321533989 0.73410706730216 0.0005569080421147382 0.002031355523440468 0.000556908042114738 0.002031355523440469 4.84869951806108e-19
163 0.466783610733056 0.742009860430218 0.0008205524308207856 0.00219281319202371 0.0008205524308207851 0.00219281319202371 5.421010862427522e-19
164 0.482235818195328 0.6530278163094571 0.0009849299119264708 0.001941319267123698 0.0009849299119264704 0.001941319267123699 1.371419323662774e-18
165 0.38988976985851 0.684352991773532 0.0007532500520567228 0.001942948745179105 0.000753250052056722 0.001942948745179106 1.506221795449467e-18
166 0.487259527679147 0.571956677408221 0.001116584039245963 0.001703129559903809 0.001116584039245962 0.00170312955990381 1.388456241783857e-18
167 0.54104708280736 0.536768415655975 0.001276941542130757 0.001651352329775283 0.001276941542130758 0.001651352329775285 2.620092938962692e-18
168 0.414865771774819 0.599431361875114 0.0009305845007369681 0.001713159857400159 0.000930584500736967 0.001713159857400161 2.232508913193069e-18
169 0.305039982465199 0.672186774644189 0.0006017998029641151 0.001821600306397765 0.0006017998029641146 0.001821600306397766 1.022834283856303e-18
170 0.346654437804187 0.616702585091829 0.0007682549979706316 0.001696762193079673 0.0007682549979706307 0.001696762193079674 1.226634733346699e-18
171 0.182807504956257 0.70499814383281 0.0003081177941632993 0.001797801936454687 0.000308117794163299 0.001797801936454687 4.84869951806108e-19
172 0.238533569701469 0.665365995773236 0.0004790181457430848 0.001734631557021177 0.0004790181457430842 0.001734631557021177 7.373371937284244e-19
173 0.123598654895845 0.749128026396379 0.0001235052701971215 0.001870982734084981 0.0001235052701971215 0.001870982734084982 4.336808689942018e-19
174 0.119210355025307 0.6754213322067461 0.0002252887117404953 0.001645474351645544 0.000225288711740495 0.001645474351645545 1.546889035416768e-18
175 0.178691548514547 0.617052637812506 0.0004318041403103361 0.001529849461952065 0.000431804140310335 0.001529849461952065 1.105673606836655e-18
176 0.108973555908425 0.609122482062069 0.0003042633887237468 0.001436341002094632 0.0003042633887237466 0.001436341002094632 4.84869951806108e-19
177 0.271050175750083 0.591810477842371 0.0006543846347366106 0.001546481609277196 0.0006543846347366096 0.001546481609277196 1.105673606836655e-18
178 0.127519867834443 0.544076297002966 0.0004389252901644375 0.001259748758843341 0.0004389252901644369 0.001259748758843341 7.373371937284244e-19
179 0.202748015771754 0.528574635277696 0.0006126340786269646 0.001288471921604843 0.000612634078626964 0.001288471921604842 6.942281208919283e-19
180 0.143895933973456 0.465303523224388 0.0005898365831103304 0.001039806503646621 0.0005898365831103299 0.00103980650364662 7.818293051731877e-19
181 0.171944630049732 0.252311336592491 0.0009654222552107274 0.0004288786398272054 0.0009654222552107276 0.000428878639827205 3.909146525865938e-19
182 0.122955567016367 0.298280069472177 0.0007984910298244684 0.0005177957754328984 0.0007984910298244685 0.0005177957754328981 3.428548309156935e-19
183 0.227948864522126 0.208371832973605 0.001143339979583845 0.0003530643634429414 0.001143339979583845 0.000353064363442941 3.252606517456513e-19
184 0.15352040132387 0.37823508470467 0.0007396881755907354 0.0007882256554378808 0.0007396881755907349 0.0007882256554378799 9.697399036122161e-19
185 0.186784627029377 0.315551259641563 0.0009002423645964094 0.0006334384059540665 0.0009002423645964096 0.0006334384059540661 4.84869951806108e-19
186 0.244465336367 0.284262071428071 0.001062537565591893 0.000597251550651213 0.001062537565591893 0.0005972515506512128 2.168404344971009e-19
187 0.278051588006095 0.107275021137344 0.001395190644306173 9.987665141812719e-05 0.001395190644306174 9.987665141812695e-05 4.975826540806505e-19
188 0.274519802913386 0.166740912784748 0.00129892823664965 0.0002747425412676303 0.00129892823664965 0.00027474254126763 3.909146525865938e-19
189 0.342287529915007 0.152584461448746 0.001455698367656895 0.0003000409142612451 0.001455698367656895 0.000300040914261245 4.470280076681873e-19
190 0.317679061280809 0.233890354339981 0.001284522591051647 0.0005193501243007523 0.001284522591051647 0.0005193501243007521 3.066586833366748e-19
191 0.409187030479619 0.205262004541817 0.001510481054146513 0.0005249730441050698 0.001510481054146513 0.00052497304410507 6.85709661831387e-19
192 0.480193962573507 0.336519001243292 0.001455609423282077 0.0009897509663033821 0.001455609423282076 0.000989750966303383 9.697399036122161e-19
193 0.403948639574197 0.289231860802187 0.001374049487945114 0.0007716442219807573 0.001374049487945114 0.0007716442219807579 7.818293051731877e-19
194 0.321398411059528 0.33078022434553 0.001146626485600761 0.0008137390840961175 0.001146626485600761 0.0008137390840961179 4.84869951806108e-19
195 0.241038470663016 0.364668252551005 0.000935074562499525 0.0008350432283160308 0.0009350745624995245 0.000835043228316031 4.470280076681873e-19
196 0.22207465308187 0.44614599676546 0.0007749303110155503 0.001060512643378251 0.00077493031101555 0.00106051264337825 7.27304927709162e-19
197 0.4032724816735 0.379594301637747 0.001237153510890379 0.00104205538658674 0.001237153510890379 0.001042055386586741 6.85709661831387e-19
198 0.483654781574428 0.420732083364086 0.001336211438102727 0.001245851031666684 0.001336211438102727 0.001245851031666686 1.999170025984728e-18
199 0.486644100012898 0.499698679895717 0.00122374018018222 0.001485740139700047 0.00122374018018222 0.001485740139700049 2.057128985494161e-18
200 0.430729745742095 0.534817252822168 0.001059233612250939 0.001535181504208597 0.001059233612250938 0.001535181504208599 2.057128985494161e-18
201 0.352428184578655 0.535732010245329 0.0009012583537893173 0.001459624215314641 0.0009012583537893165 0.001459624215314642 1.226634733346699e-18
202 0.27325781627382 0.5070596532198089 0.0007859261527179269 0.001294436775933247 0.0007859261527179268 0.001294436775933247 2.42434975903054e-19
203 0.317988868792953 0.433035478287958 0.0009864245201539688 0.001117095303656827 0.000986424520153969 0.001117095303656827 2.168404344971009e-19
204 0.412453027062422 0.467268301042168 0.001124003602561592 0.001314257930188924 0.001124003602561592 0.001314257930188926 1.748223473168676e-18
