id angle_rad length pressure_signed pressure_physical gap
0 0.01453415209 0.0001163183663 -237917694.5 237917694.5 -3.336586007e-11
1 0.0436332313 0.0001163183663 -189488878.1 189488878.1 -2.713521048e-10
2 0.07273231051 0.0001163183663 -233096930.9 233096930.9 2.582833369e-10
3 0.1018006147 0.0001163183663 -249445792.9 249445792.9 -2.392674643e-11
4 0.1308996939 0.0001163183663 -170973921.9 170973921.9 -6.025052134e-10
5 0.1599987731 0.0001163183663 -259171186 259171186 3.666966357e-10
6 0.1890670773 0.0001163183663 -215571252.1 215571252.1 -3.747117095e-10
7 0.2181661565 0.0001163183663 -210391617.6 210391617.6 -4.427663694e-10
8 0.2472652357 0.0001163183663 -215738357.1 215738357.1 6.695266356e-10
9 0.2763335399 0.0001163183663 -265555975.1 265555975.1 -2.378274946e-10
10 0.3054326191 0.0001163183663 -155241188.5 155241188.5 -4.725030312e-10
11 0.3345316983 0.0001163183663 -274313088.6 274313088.6 8.219464287e-11
12 0.3636000025 0.0001163183663 -200526321.1 200526321.1 -6.41435475e-10
13 0.3926990817 0.0001163183663 -226204281.5 226204281.5 1.602471791e-10
14 0.4217981609 0.0001163183663 -198949548.1 198949548.1 -2.066448497e-10
15 0.4508664651 0.0001163183663 -278900822.8 278900822.8 1.082544506e-10
16 0.4799655443 0.0001163183663 -147720340.2 147720340.2 -4.241040566e-10
17 0.5090646235 0.0001163183663 -274452965.9 274452965.9 4.685886891e-10
18 0.5381329277 0.0001163183663 -208816660.5 208816660.5 6.022357264e-12
19 0.5672320069 0.0001163183663 -210225943.4 210225943.4 -1.832314449e-11
20 0.5963310861 0.0001163183663 -221620992 221620992 4.978813627e-10
21 0.6253993903 0.0001163183663 -253120476.2 253120476.2 -4.799088513e-10
22 0.6544984695 0.0001163183663 -172680525.4 172680525.4 -1.156978689e-10
23 0.6835975487 0.0001163183663 -252165157 252165157 3.862728039e-10
24 0.7126658529 0.0001163183663 -227746448.1 227746448.1 -4.572366378e-11
25 0.7417649321 0.0001163183663 -195824374.7 195824374.7 -3.566551948e-10
26 0.7708640113 0.0001163183663 -229901640 229901640 2.632647031e-10
27 0.7999323155 0.0001163183663 -249425855.2 249425855.2 5.02387882e-11
28 0.8290313947 0.0001163183663 -174209023.9 174209023.9 -4.164544838e-10
29 0.8581304739 0.0001163183663 -252334971.3 252334971.3 2.220505355e-10
30 0.8871987781 0.0001163183663 -226946371.6 226946371.6 -2.382059177e-11
31 0.9162978573 0.0001163183663 -195759143.8 195759143.8 -1.849934663e-10
32 0.9453969365 0.0001163183663 -231906915.3 231906915.3 2.115080878e-10
33 0.9744652407 0.0001163183663 -244762311.6 244762311.6 -1.057101493e-11
34 1.00356432 0.0001163183663 -182006172.5 182006172.5 -9.732666042e-11
35 1.032663399 0.0001163183663 -241079254.7 241079254.7 1.43172754e-10
36 1.061731703 0.0001163183663 -239753187 239753187 7.186139431e-10
37 1.090830782 0.0001163183663 -183833136.5 183833136.5 -1.900947592e-10
38 1.119929862 0.0001163183663 -242518017.3 242518017.3 6.487102251e-10
39 1.148998166 0.0001163183663 -238352046.9 238352046.9 -8.919394655e-10
40 1.178097245 0.0001163183663 -180468377.6 180468377.6 -7.271931787e-10
41 1.207196324 0.0001163183663 -249351320.8 249351320.8 1.685594072e-09
42 1.236264628 0.0001163183663 -229388139.9 229388139.9 8.65783574e-12
43 1.265363708 0.0001163183663 -194972066.6 194972066.6 -8.727016568e-10
44 1.294462787 0.0001163183663 -228998899 228998899 -2.391140505e-10
45 1.323531091 0.0001163183663 -251453931.8 251453931.8 9.212386623e-11
46 1.35263017 0.0001163183663 -170793140.6 170793140.6 3.543384778e-10
47 1.38172925 0.0001163183663 -258240179.7 258240179.7 6.197491091e-10
48 1.410797554 0.0001163183663 -218321286.8 218321286.8 -1.843724162e-10
49 1.439896633 0.0001163183663 -207854836.9 207854836.9 1.427942058e-10
50 1.468995712 0.0001163183663 -217625288.3 217625288.3 5.471437165e-10
51 1.498064016 0.0001163183663 -258888124.7 258888124.7 6.272821335e-10
52 1.527163095 0.0001163183663 -171950329.4 171950329.4 -1.502007556e-09
53 1.556262175 0.0001163183663 -244106154.4 244106154.4 8.687061036e-10
