id x y T ux uy ur
0 0.004 0 300 -2.799999986e-05 0 -2.799999986e-05
1 0.005 0 300.0000007 -3.499999983e-05 0 -3.499999983e-05
2 0.00498097349 0.0004357787137 300.0000007 -3.486681426e-05 -3.050450981e-06 -3.499999983e-05
3 0.004924038765 0.0008682408883 300.0000007 -3.446827119e-05 -6.077686189e-06 -3.499999983e-05
4 0.004829629131 0.001294095226 300.0000007 -3.380740376e-05 -9.058666534e-06 -3.499999983e-05
5 0.004698463104 0.001710100717 300.0000007 -3.288924157e-05 -1.197070496e-05 -3.499999983e-05
6 0.004531538935 0.002113091309 300.0000007 -3.172077239e-05 -1.479163909e-05 -3.499999983e-05
7 0.004330127019 0.0025 300.0000007 -3.031088898e-05 -1.749999991e-05 -3.499999983e-05
8 0.004095760221 0.002867882182 300.0000007 -2.867032141e-05 -2.007517517e-05 -3.499999983e-05
9 0.003830222216 0.003213938048 300.0000007 -2.681155538e-05 -2.249756623e-05 -3.499999983e-05
10 0.003535533906 0.003535533906 300.0000007 -2.474873722e-05 -2.474873722e-05 -3.499999983e-05
11 0.003213938048 0.003830222216 300.0000007 -2.249756623e-05 -2.681155538e-05 -3.499999983e-05
12 0.002867882182 0.004095760221 300.0000007 -2.007517517e-05 -2.867032141e-05 -3.499999983e-05
13 0.0025 0.004330127019 300.0000007 -1.749999991e-05 -3.031088898e-05 -3.499999983e-05
14 0.002113091309 0.004531538935 300.0000007 -1.479163909e-05 -3.172077239e-05 -3.499999983e-05
15 0.001710100717 0.004698463104 300.0000007 -1.197070496e-05 -3.288924157e-05 -3.499999983e-05
16 0.001294095226 0.004829629131 300.0000007 -9.058666534e-06 -3.380740376e-05 -3.499999983e-05
17 0.0008682408883 0.004924038765 300.0000007 -6.077686189e-06 -3.446827119e-05 -3.499999983e-05
18 0.0004357787137 0.00498097349 300.0000007 -3.050450981e-06 -3.486681426e-05 -3.499999983e-05
19 0 0.005 300.0000007 0 -3.499999983e-05 -3.499999983e-05
20 0 0.004 300 0 -2.799999986e-05 -2.799999986e-05
21 0.000348622971 0.003984778792 300 -2.440360785e-06 -2.789345141e-05 -2.799999986e-05
22 0.0006945927107 0.003939231012 300 -4.862148951e-06 -2.757461695e-05 -2.799999986e-05
23 0.00103527618 0.003863703305 300 -7.246933228e-06 -2.7045923e-05 -2.799999986e-05
24 0.001368080573 0.003758770483 300 -9.576563966e-06 -2.631139325e-05 -2.799999986e-05
25 0.001690473047 0.003625231148 300 -1.183331127e-05 -2.537661791e-05 -2.799999986e-05
26 0.002 0.003464101615 300 -1.399999993e-05 -2.424871119e-05 -2.799999986e-05
27 0.002294305745 0.003276608177 300 -1.606014014e-05 -2.293625713e-05 -2.799999986e-05
28 0.002571150439 0.003064177772 300 -1.799805298e-05 -2.14492443e-05 -2.799999986e-05
29 0.002828427125 0.002828427125 300 -1.979898978e-05 -1.979898978e-05 -2.799999986e-05
30 0.003064177772 0.002571150439 300 -2.14492443e-05 -1.799805298e-05 -2.799999986e-05
31 0.003276608177 0.002294305745 300 -2.293625713e-05 -1.606014014e-05 -2.799999986e-05
32 0.003464101615 0.002 300 -2.424871119e-05 -1.399999993e-05 -2.799999986e-05
33 0.003625231148 0.001690473047 300 -2.537661791e-05 -1.183331127e-05 -2.799999986e-05
34 0.003758770483 0.001368080573 300 -2.631139325e-05 -9.576563966e-06 -2.799999986e-05
35 0.003863703305 0.00103527618 300 -2.7045923e-05 -7.246933228e-06 -2.799999986e-05
36 0.003939231012 0.0006945927107 300 -2.757461695e-05 -4.862148951e-06 -2.799999986e-05
37 0.003984778792 0.000348622971 300 -2.789345141e-05 -2.440360785e-06 -2.799999986e-05
38 0.004125 0 300.0000002 -2.887499986e-05 0 -2.887499986e-05
39 0.00425 0 300.0000003 -2.974999986e-05 0 -2.974999986e-05
40 0.004375 0 300.0000004 -3.062499986e-05 0 -3.062499986e-05
41 0.0045 0 300.0000005 -3.149999986e-05 0 -3.149999986e-05
42 0.004625 0 300.0000006 -3.237499985e-05 0 -3.237499985e-05
43 0.00475 0 300.0000007 -3.324999984e-05 0 -3.324999984e-05
44 0.004875 0 300.0000007 -3.412499984e-05 0 -3.412499984e-05
45 0.004995243373 0.0001089446784 300.0000007 -3.496670344e-05 -7.626127453e-07 -3.497501862e-05
46 0.004990486745 0.0002178893569 300.0000007 -3.493340705e-05 -1.525225491e-06 -3.496668759e-05
47 0.004985730118 0.0003268340353 300.0000007 -3.490011065e-05 -2.287838236e-06 -3.497501862e-05
48 0.004966739809 0.0005438942574 300.0000007 -3.476717849e-05 -3.807259783e-06 -3.497501862e-05
49 0.004952506128 0.000652009801 300.0000007 -3.466754273e-05 -4.564068585e-06 -3.496668759e-05
50 0.004938272446 0.0007601253447 300.0000007 -3.456790696e-05 -5.320877387e-06 -3.497501862e-05
51 0.004900436357 0.0009747044726 300.0000007 -3.430305433e-05 -6.822931275e-06 -3.497501862e-05
52 0.004876833948 0.001081168057 300.0000007 -3.413783747e-05 -7.568176362e-06 -3.496668759e-05
53 0.00485323154 0.001187631641 300.0000007 -3.397262061e-05 -8.313421448e-06 -3.497501862e-05
54 0.004796837625 0.001398096598 300.0000007 -3.357786321e-05 -9.78667614e-06 -3.497501862e-05
55 0.004764046118 0.001502097971 300.0000007 -3.334832266e-05 -1.051468575e-05 -3.496668759e-05
56 0.004731254611 0.001606099344 300.0000007 -3.311878211e-05 -1.124269535e-05 -3.497501862e-05
57 0.004656732062 0.001810848365 300.0000007 -3.259712427e-05 -1.267593849e-05 -3.497501862e-05
58 0.00461500102 0.001911596013 300.0000007 -3.230500698e-05 -1.338117202e-05 -3.496668759e-05
59 0.004573269977 0.002012343661 300.0000007 -3.201288969e-05 -1.408640556e-05 -3.497501862e-05
60 0.004481185956 0.002209818482 300.0000007 -3.136830154e-05 -1.54687293e-05 -3.497501862e-05
61 0.004430832977 0.002306545654 300.0000007 -3.101583069e-05 -1.61458195e-05 -3.496668759e-05
62 0.004380479998 0.002403272827 300.0000007 -3.066335984e-05 -1.682290971e-05 -3.497501862e-05
63 0.00427153532 0.002591970545 300.0000007 -2.990074709e-05 -1.814379373e-05 -3.497501862e-05
64 0.00421294362 0.002683941091 300.0000007 -2.94906052e-05 -1.878758754e-05 -3.496668758e-05
65 0.004154351921 0.002775911636 300.0000007 -2.90804633e-05 -1.943138136e-05 -3.497501862e-05
66 0.00402937572 0.002954396148 300.0000007 -2.82056299e-05 -2.068077294e-05 -3.497501862e-05
67 0.003962991219 0.003040910115 300.0000007 -2.774093839e-05 -2.12863707e-05 -3.496668758e-05
68 0.003896606717 0.003127424082 300.0000007 -2.727624689e-05 -2.189196847e-05 -3.497501862e-05
69 0.003756550138 0.003294337013 300.0000007 -2.629585084e-05 -2.306035898e-05 -3.497501862e-05
70 0.003682878061 0.003374735977 300.0000007 -2.57801463e-05 -2.362315173e-05 -3.496668758e-05
71 0.003609205983 0.003455134942 300.0000007 -2.526444176e-05 -2.418594447e-05 -3.497501862e-05
72 0.003455134942 0.003609205983 300.0000007 -2.418594447e-05 -2.526444176e-05 -3.497501862e-05
73 0.003374735977 0.003682878061 300.0000007 -2.362315173e-05 -2.57801463e-05 -3.496668758e-05
74 0.003294337013 0.003756550138 300.0000007 -2.306035898e-05 -2.629585084e-05 -3.497501862e-05
75 0.003127424082 0.003896606717 300.0000007 -2.189196847e-05 -2.727624689e-05 -3.497501862e-05
76 0.003040910115 0.003962991219 300.0000007 -2.12863707e-05 -2.774093839e-05 -3.496668758e-05
77 0.002954396148 0.00402937572 300.0000007 -2.068077294e-05 -2.82056299e-05 -3.497501862e-05
78 0.002775911636 0.004154351921 300.0000007 -1.943138136e-05 -2.90804633e-05 -3.497501862e-05
79 0.002683941091 0.00421294362 300.0000007 -1.878758754e-05 -2.94906052e-05 -3.496668758e-05
80 0.002591970545 0.00427153532 300.0000007 -1.814379373e-05 -2.990074709e-05 -3.497501862e-05
81 0.002403272827 0.004380479998 300.0000007 -1.682290971e-05 -3.066335984e-05 -3.497501862e-05
82 0.002306545654 0.004430832977 300.0000007 -1.61458195e-05 -3.101583069e-05 -3.496668758e-05
83 0.002209818482 0.004481185956 300.0000007 -1.54687293e-05 -3.136830154e-05 -3.497501862e-05
84 0.002012343661 0.004573269977 300.0000007 -1.408640556e-05 -3.201288969e-05 -3.497501862e-05
85 0.001911596013 0.00461500102 300.0000007 -1.338117202e-05 -3.230500698e-05 -3.496668758e-05
86 0.001810848365 0.004656732062 300.0000007 -1.267593849e-05 -3.259712427e-05 -3.497501862e-05
87 0.001606099344 0.004731254611 300.0000007 -1.124269535e-05 -3.311878211e-05 -3.497501862e-05
88 0.001502097971 0.004764046118 300.0000007 -1.051468575e-05 -3.334832266e-05 -3.496668758e-05
89 0.001398096598 0.004796837625 300.0000007 -9.78667614e-06 -3.357786321e-05 -3.497501862e-05
90 0.001187631641 0.00485323154 300.0000007 -8.313421448e-06 -3.397262061e-05 -3.497501862e-05
91 0.001081168057 0.004876833948 300.0000007 -7.568176362e-06 -3.413783747e-05 -3.496668758e-05
92 0.0009747044726 0.004900436357 300.0000007 -6.822931275e-06 -3.430305433e-05 -3.497501862e-05
93 0.0007601253447 0.004938272446 300.0000007 -5.320877387e-06 -3.456790696e-05 -3.497501862e-05
94 0.000652009801 0.004952506128 300.0000007 -4.564068585e-06 -3.466754273e-05 -3.496668758e-05
95 0.0005438942574 0.004966739809 300.0000007 -3.807259783e-06 -3.476717849e-05 -3.497501862e-05
96 0.0003268340353 0.004985730118 300.0000007 -2.287838236e-06 -3.490011065e-05 -3.497501862e-05
97 0.0002178893569 0.004990486745 300.0000007 -1.525225491e-06 -3.493340705e-05 -3.496668758e-05
98 0.0001089446784 0.004995243373 300.0000007 -7.626127453e-07 -3.496670344e-05 -3.497501862e-05
99 0 0.004875 300.0000007 0 -3.412499984e-05 -3.412499984e-05
100 0 0.00475 300.0000007 0 -3.324999984e-05 -3.324999984e-05
101 0 0.004625 300.0000006 0 -3.237499985e-05 -3.237499985e-05
102 0 0.0045 300.0000005 0 -3.149999986e-05 -3.149999986e-05
103 0 0.004375 300.0000004 0 -3.062499986e-05 -3.062499986e-05
104 0 0.00425 300.0000003 0 -2.974999986e-05 -2.974999986e-05
105 0 0.004125 300.0000002 0 -2.887499986e-05 -2.887499986e-05
106 0.000116207657 0.003994926264 300 -8.13453595e-07 -2.796448371e-05 -2.797631241e-05
107 0.000232415314 0.003989852528 300 -1.62690719e-06 -2.792896756e-05 -2.797631241e-05
108 0.0004639462176 0.003969596199 300 -3.247623507e-06 -2.778717326e-05 -2.797631241e-05
109 0.0005792694641 0.003954413605 300 -4.054886229e-06 -2.76808951e-05 -2.797631241e-05
110 0.0008081538672 0.00391405511 300 -5.657077043e-06 -2.739838563e-05 -2.797631241e-05
111 0.0009217150238 0.003888879207 300 -6.452005135e-06 -2.722215432e-05 -2.797631241e-05
112 0.001146210978 0.003828725698 300 -8.023476807e-06 -2.680107975e-05 -2.797631241e-05
113 0.001257145776 0.00379374809 300 -8.800020387e-06 -2.65562365e-05 -2.797631241e-05
114 0.001475544731 0.003714257371 300 -1.032881307e-05 -2.599980147e-05 -2.797631241e-05
115 0.001583008889 0.00366974426 300 -1.108106217e-05 -2.568820969e-05 -2.797631241e-05
116 0.001793648698 0.003571521304 300 -1.255554082e-05 -2.5000649e-05 -2.797631241e-05
117 0.001896824349 0.003517811459 300 -1.327777038e-05 -2.46246801e-05 -2.797631241e-05
118 0.002098101915 0.003401603802 300 -1.468671333e-05 -2.38112265e-05 -2.797631241e-05
119 0.00219620383 0.00333910599 300 -1.537342674e-05 -2.337374181e-05 -2.797631241e-05
120 0.00238658731 0.003205798042 300 -1.670611109e-05 -2.244058619e-05 -2.797631241e-05
121 0.002478868874 0.003134987907 300 -1.735208204e-05 -2.194491524e-05 -2.797631241e-05
122 0.002656909334 0.002985594223 300 -1.859836525e-05 -2.089915946e-05 -2.797631241e-05
123 0.002742668229 0.002907010674 300 -1.919867751e-05 -2.034907462e-05 -2.797631241e-05
124 0.002907010674 0.002742668229 300 -2.034907462e-05 -1.919867751e-05 -2.797631241e-05
125 0.002985594223 0.002656909334 300 -2.089915946e-05 -1.859836525e-05 -2.797631241e-05
126 0.003134987907 0.002478868874 300 -2.194491524e-05 -1.735208204e-05 -2.797631241e-05
127 0.003205798042 0.00238658731 300 -2.244058619e-05 -1.670611109e-05 -2.797631241e-05
128 0.00333910599 0.00219620383 300 -2.337374181e-05 -1.537342674e-05 -2.797631241e-05
129 0.003401603802 0.002098101915 300 -2.38112265e-05 -1.468671333e-05 -2.797631241e-05
130 0.003517811459 0.001896824349 300 -2.46246801e-05 -1.327777038e-05 -2.797631241e-05
131 0.003571521304 0.001793648698 300 -2.5000649e-05 -1.255554082e-05 -2.797631241e-05
132 0.00366974426 0.001583008889 300 -2.568820969e-05 -1.108106217e-05 -2.797631241e-05
133 0.003714257371 0.001475544731 300 -2.599980147e-05 -1.032881307e-05 -2.797631241e-05
134 0.00379374809 0.001257145776 300 -2.65562365e-05 -8.800020387e-06 -2.797631241e-05
135 0.003828725698 0.001146210978 300 -2.680107975e-05 -8.023476807e-06 -2.797631241e-05
136 0.003888879207 0.0009217150238 300 -2.722215432e-05 -6.452005135e-06 -2.797631241e-05
137 0.00391405511 0.0008081538672 300 -2.739838563e-05 -5.657077043e-06 -2.797631241e-05
138 0.003954413605 0.0005792694641 300 -2.76808951e-05 -4.054886229e-06 -2.797631241e-05
139 0.003969596199 0.0004639462176 300 -2.778717326e-05 -3.247623507e-06 -2.797631241e-05
140 0.003989852528 0.000232415314 300 -2.792896756e-05 -1.62690719e-06 -2.797631241e-05
141 0.003994926264 0.000116207657 300 -2.796448371e-05 -8.13453595e-07 -2.797631241e-05
142 7.407651661e-05 0.004915697212 300.0000007 -5.185356137e-07 -3.440988032e-05 -3.44137871e-05
143 0.00491327205 7.222816183e-05 300.0000007 -3.439290419e-05 -5.055971304e-07 -3.439662028e-05
144 9.100081224e-05 0.00409282444 300.0000001 -6.370056827e-07 -2.864977094e-05 -2.865685174e-05
145 0.004089989216 8.892652876e-05 300.0000001 -2.862992438e-05 -6.224856983e-07 -2.863669077e-05
146 0.000162632484 0.004900756438 300.0000007 -1.138427382e-06 -3.43052949e-05 -3.432417916e-05
147 0.004884260594 0.0001674931813 300.0000007 -3.4189824e-05 -1.172452264e-06 -3.420992121e-05
148 0.004080689435 0.0001848633359 300.0000001 -2.856482591e-05 -1.294043345e-06 -2.859412225e-05
149 0.0001895624049 0.004083702482 300.0000001 -1.326936828e-06 -2.858591724e-05 -2.861669837e-05
150 0.0002672646002 0.004892713873 300.0000007 -1.870852192e-06 -3.424899694e-05 -3.430005655e-05
151 0.004896005288 0.0002746473573 300.0000007 -3.427203685e-05 -1.922531492e-06 -3.432591786e-05
152 9.87988665e-05 0.004807504456 300.0000007 -6.915920622e-07 -3.365253103e-05 -3.365963673e-05
153 0.004811858923 8.469676185e-05 300.0000007 -3.36830123e-05 -5.928773301e-07 -3.368822972e-05
154 0.0003740530182 0.004885285575 300.0000007 -2.618371114e-06 -3.419699886e-05 -3.429709315e-05
155 0.0004807159406 0.004877046359 300.0000007 -3.365011568e-06 -3.413932435e-05 -3.430476308e-05
156 0.0005861497211 0.004866007122 300.0000007 -4.103048028e-06 -3.406204969e-05 -3.430828227e-05
157 0.0006911009479 0.004852554709 300.0000007 -4.837706612e-06 -3.39678828e-05 -3.431064656e-05
158 0.0007961925434 0.004837179644 300.0000007 -5.573347777e-06 -3.386025735e-05 -3.431587436e-05
159 0.0009010438655 0.004818582707 300.0000007 -6.307307028e-06 -3.373007878e-05 -3.431472478e-05
160 0.001005435962 0.004796812016 300.0000007 -7.038051703e-06 -3.357768395e-05 -3.430736118e-05
161 0.001109558766 0.00477354847 300.0000007 -7.766911325e-06 -3.341483913e-05 -3.430563198e-05
162 0.001213344455 0.004748815069 300.0000007 -8.493411141e-06 -3.324170532e-05 -3.430960515e-05
163 0.001316346069 0.004720998062 300.0000007 -9.214422438e-06 -3.304698627e-05 -3.430756305e-05
164 0.001418570111 0.00469011153 300.0000007 -9.929990729e-06 -3.283078055e-05 -3.429963364e-05
165 0.001520448939 0.004657802186 300.0000007 -1.064314252e-05 -3.260461515e-05 -3.429777561e-05
166 0.0016219379 0.004624098938 300.0000007 -1.135356525e-05 -3.236869241e-05 -3.430212373e-05
167 0.001722426956 0.004587437751 300.0000007 -1.205698864e-05 -3.21120641e-05 -3.430095678e-05
168 0.001821878755 0.004547834219 300.0000007 -1.275315122e-05 -3.183483938e-05 -3.429431242e-05
169 0.001920822704 0.004506889905 300.0000007 -1.344575887e-05 -3.154822918e-05 -3.429401108e-05
170 0.002019181344 0.004464634913 300.0000007 -1.413426934e-05 -3.125244424e-05 -3.430004141e-05
171 0.002116183166 0.00441955804 300.0000007 -1.481328209e-05 -3.093690613e-05 -3.43005173e-05
172 0.002211773206 0.004371660596 300.0000007 -1.548241237e-05 -3.060162402e-05 -3.429525456e-05
173 0.002306617987 0.004322457954 300.0000007 -1.614632583e-05 -3.025720553e-05 -3.429580622e-05
174 0.00240067534 0.004271942505 300.0000007 -1.68047273e-05 -2.990359739e-05 -3.430195324e-05
175 0.002493111943 0.004218639026 300.0000007 -1.745178351e-05 -2.953047304e-05 -3.430180149e-05
176 0.002583954518 0.004162542451 300.0000007 -1.808768154e-05 -2.913779702e-05 -3.429541425e-05
177 0.002674061656 0.004105125638 300.0000007 -1.87184315e-05 -2.873587933e-05 -3.429475818e-05
178 0.002763409036 0.004046428884 300.0000007 -1.934386316e-05 -2.832500205e-05 -3.430001142e-05
179 0.002851010548 0.003985103446 300.0000007 -1.995707374e-05 -2.789572399e-05 -3.429950742e-05
180 0.002936839413 0.00392117934 300.0000007 -2.055787579e-05 -2.744825525e-05 -3.429333716e-05
181 0.003021824884 0.003856071839 300.0000007 -2.115277409e-05 -2.699250274e-05 -3.429336752e-05
182 0.003105902056 0.003789834799 300.0000007 -2.174131429e-05 -2.652884347e-05 -3.429962511e-05
183 0.003187935919 0.003721212123 300.0000007 -2.231555132e-05 -2.604848473e-05 -3.430025347e-05
184 0.003267874577 0.003650222412 300.0000007 -2.287512193e-05 -2.555155676e-05 -3.429509085e-05
185 0.003346754608 0.003578159265 300.0000007 -2.342728214e-05 -2.504711474e-05 -3.429570681e-05
186 0.003424533688 0.003505027996 300.0000007 -2.39717357e-05 -2.453519585e-05 -3.430189423e-05
187 0.003500025342 0.003429620579 300.0000007 -2.450017727e-05 -2.400734394e-05 -3.430176744e-05
188 0.003573254273 0.003351926079 300.0000007 -2.501277979e-05 -2.346348244e-05 -3.429539562e-05
189 0.003645431193 0.003273145536 300.0000007 -2.551801823e-05 -2.291201864e-05 -3.429474964e-05
190 0.003716543212 0.003193324562 300.0000007 -2.601580236e-05 -2.235327183e-05 -3.430001069e-05
191 0.003785288933 0.003111415855 300.0000007 -2.64970224e-05 -2.177991088e-05 -3.429951478e-05
192 0.0038516505 0.003027455527 300.0000007 -2.696155337e-05 -2.119218859e-05 -3.429335529e-05
193 0.003916892119 0.002942570276 300.0000007 -2.74182447e-05 -2.059799183e-05 -3.429340184e-05
194 0.003980965448 0.0028568291 300.0000007 -2.786675801e-05 -1.999780361e-05 -3.429968441e-05
195 0.004042449597 0.002769312713 300.0000007 -2.829714705e-05 -1.93851889e-05 -3.430035101e-05
196 0.004101299958 0.002680052901 300.0000007 -2.870909957e-05 -1.876037021e-05 -3.429524586e-05
197 0.00415885348 0.002590031525 300.0000007 -2.911197422e-05 -1.813022059e-05 -3.429594643e-05
198 0.004215071703 0.002499265708 300.0000007 -2.950550178e-05 -1.749485987e-05 -3.430225586e-05
199 0.004268496982 0.002406897367 300.0000007 -2.987947873e-05 -1.684828149e-05 -3.430230077e-05
200 0.004319151026 0.00231291227 300.0000007 -3.023405704e-05 -1.619038581e-05 -3.429616302e-05
201 0.004368513515 0.002218161295 300.0000007 -3.057959446e-05 -1.552712899e-05 -3.429582091e-05
202 0.004416580042 0.00212269722 300.0000007 -3.091606015e-05 -1.485888047e-05 -3.430144463e-05
203 0.004461812714 0.002025850021 300.0000007 -3.123268885e-05 -1.418095008e-05 -3.430131481e-05
204 0.004504184774 0.001927657599 300.0000007 -3.152929327e-05 -1.349360313e-05 -3.429538831e-05
205 0.004545181382 0.001828862575 300.0000007 -3.181626952e-05 -1.280203796e-05 -3.429529388e-05
206 0.004584746813 0.0017294988 300.0000007 -3.209322753e-05 -1.210649154e-05 -3.430076371e-05
207 0.004621263353 0.001628977128 300.0000007 -3.234884332e-05 -1.140283984e-05 -3.429974374e-05
208 0.00465472372 0.001527271569 300.0000007 -3.258306588e-05 -1.069090093e-05 -3.42921499e-05
209 0.00468672944 0.001424950793 300.0000007 -3.280710592e-05 -9.974655501e-06 -3.428993951e-05
210 0.004717304351 0.001322060551 300.0000007 -3.30211303e-05 -9.254423809e-06 -3.429343095e-05
211 0.004744849809 0.001218211633 300.0000007 -3.32139485e-05 -8.527481387e-06 -3.429116962e-05
212 0.004769386188 0.001113462534 300.0000007 -3.338570316e-05 -7.794237699e-06 -3.428345543e-05
213 0.00479255364 0.001008317834 300.0000007 -3.354787532e-05 -7.058224805e-06 -3.428233475e-05
214 0.00481436533 0.0009028647232 300.0000007 -3.370055714e-05 -6.320053032e-06 -3.428805364e-05
215 0.00483322678 0.0007968662852 300.0000007 -3.383258729e-05 -5.578063969e-06 -3.428933888e-05
216 0.004849322518 0.0006904390133 300.0000007 -3.394525746e-05 -4.83307307e-06 -3.428759396e-05
217 0.004864589584 0.0005842210425 300.0000007 -3.405212693e-05 -4.089547278e-06 -3.429681829e-05
218 0.004879099683 0.0004789355033 300.0000007 -3.415369762e-05 -3.352548507e-06 -3.431784729e-05
219 0.00489052026 0.0003754829102 300.0000007 -3.423364166e-05 -2.628380359e-06 -3.43343939e-05
220 8.388657949e-05 0.004192449774 300.0000002 -5.872060537e-07 -2.934714828e-05 -2.935302239e-05
221 0.0001563339976 0.004160909743 300.0000002 -1.094337978e-06 -2.912636806e-05 -2.914691908e-05
222 0.004186256655 8.197286921e-05 300.0000002 -2.930379645e-05 -5.738100818e-07 -2.930941392e-05
223 0.004153069176 0.0001505036298 300.0000002 -2.90714841e-05 -1.053525404e-06 -2.909056726e-05
224 0.0002919334289 0.004081082553 300.0000001 -2.043533993e-06 -2.856757774e-05 -2.864057487e-05
225 0.0002494625971 0.004182682959 300.0000002 -1.746238172e-06 -2.927878058e-05 -2.933080871e-05
226 0.004080700188 0.0002839225597 300.0000001 -2.856490118e-05 -1.987457908e-06 -2.863395831e-05
227 0.004175609465 0.0002371874066 300.0000002 -2.922926612e-05 -1.660311839e-06 -2.927638354e-05
228 8.822502453e-05 0.004273079281 300.0000003 -6.175751688e-07 -2.991155483e-05 -2.991792959e-05
229 5.958091924e-05 0.004330226659 300.0000004 -4.170664328e-07 -3.031158647e-05 -3.031445561e-05
230 0.0001677397725 0.004252942937 300.0000003 -1.174178402e-06 -2.977060042e-05 -2.979374674e-05
231 7.976880883e-05 0.00441325604 300.0000005 -5.583816593e-07 -3.089279214e-05 -3.089783805e-05
232 0.0001187594471 0.004509646478 300.0000005 -8.313161257e-07 -3.15675252e-05 -3.157846947e-05
233 7.443719861e-05 0.004587454973 300.0000006 -5.210603879e-07 -3.211218466e-05 -3.211641181e-05
234 8.409051661e-05 0.004685096735 300.0000007 -5.886336135e-07 -3.279567699e-05 -3.280095911e-05
235 0.004330261795 6.819353143e-05 300.0000004 -3.031183243e-05 -4.773547178e-07 -3.031559092e-05
236 0.004266680825 9.283699528e-05 300.0000003 -2.986676563e-05 -6.498589639e-07 -2.987383481e-05
237 0.004232809304 0.0001595540098 300.0000003 -2.962966499e-05 -1.116878064e-06 -2.965070765e-05
238 0.004425553165 9.366250383e-05 300.0000005 -3.097887201e-05 -6.556375238e-07 -3.09858092e-05
239 0.004582333814 6.495942005e-05 300.0000006 -3.207633655e-05 -4.547159383e-07 -3.207955943e-05
240 0.004518356326 9.178369008e-05 300.0000005 -3.162849414e-05 -6.424858276e-07 -3.163501904e-05
241 0.004683137839 9.422250568e-05 300.0000007 -3.278196472e-05 -6.595575367e-07 -3.278859904e-05
242 0.0004340453382 0.004047373956 300.0000001 -3.038317353e-06 -2.833161755e-05 -2.849406825e-05
243 0.0003754095108 0.004081820308 300.0000001 -2.627866563e-06 -2.857274202e-05 -2.869333145e-05
244 0.0003561020276 0.004163743938 300.0000002 -2.492714182e-06 -2.914620743e-05 -2.925260726e-05
245 0.0005359017634 0.004068567022 300.0000001 -3.751312326e-06 -2.847996902e-05 -2.872596351e-05
246 0.0006596181972 0.004042014953 300.0000001 -4.617327359e-06 -2.829410454e-05 -2.86683809e-05
247 0.004089925176 0.0003664185812 300.0000001 -2.86294761e-05 -2.564930056e-06 -2.874414319e-05
248 0.004064345825 0.0004429113739 300.0000001 -2.845042064e-05 -3.100379603e-06 -2.861885372e-05
249 0.004163361399 0.000334005932 300.0000002 -2.914352965e-05 -2.338041513e-06 -2.9237164e-05
250 0.004046718134 0.0005416503037 300.0000001 -2.83270268e-05 -3.791552108e-06 -2.857964861e-05
251 0.004032265711 0.0006410124898 300.0000001 -2.822585984e-05 -4.487087407e-06 -2.858029246e-05
252 0.004028473061 0.0007217953401 300.0000001 -2.819931129e-05 -5.052567356e-06 -2.864837856e-05
253 0.003991173398 0.0007789055309 300.0000001 -2.793821365e-05 -5.452338691e-06 -2.846527322e-05
254 0.003998101233 0.000875736148 300.0000001 -2.79867085e-05 -6.130153007e-06 -2.865021167e-05
255 0.003966144105 0.0009860814597 300.0000001 -2.77630086e-05 -6.902570185e-06 -2.860821773e-05
256 0.003952065556 0.001070278848 300.0000001 -2.766445876e-05 -7.491951898e-06 -2.866097733e-05
257 0.003906175906 0.001122981674 300.0000001 -2.734323121e-05 -7.860871678e-06 -2.84507574e-05
258 0.003895249314 0.001209786185 300.0000001 -2.726674507e-05 -8.468503256e-06 -2.855154872e-05
259 0.00387592672 0.001313306148 300.0000001 -2.713148691e-05 -9.193142993e-06 -2.864666578e-05
260 0.003870114749 0.001413090388 300.0000001 -2.709080312e-05 -9.891632667e-06 -2.884018049e-05
261 0.00379830424 0.001462670165 300.0000001 -2.658812956e-05 -1.023869111e-05 -2.849139219e-05
262 0.003777887281 0.001548408727 300.0000001 -2.644521084e-05 -1.083886104e-05 -2.858023942e-05
263 0.003756434922 0.001657417906 300.0000001 -2.629504433e-05 -1.160192529e-05 -2.874080769e-05
264 0.003714948129 0.001743490889 300.0000001 -2.600463678e-05 -1.220443617e-05 -2.872611001e-05
265 0.003655647917 0.001786372722 300.0000001 -2.55895353e-05 -1.250460899e-05 -2.848138976e-05
266 0.003629674594 0.001870244094 300.0000001 -2.540772204e-05 -1.30917086e-05 -2.858225277e-05
267 0.003594778798 0.00197116765 300.0000001 -2.516345147e-05 -1.379817348e-05 -2.86982383e-05
268 0.003581852519 0.002088651943 300.0000002 -2.507296752e-05 -1.462056353e-05 -2.902437903e-05
269 0.003486298342 0.002104217943 300.0000001 -2.440408828e-05 -1.472952553e-05 -2.850470921e-05
270 0.003459409483 0.002188314255 300.0000001 -2.421586626e-05 -1.531819971e-05 -2.865406466e-05
271 0.003393912867 0.002282388934 300.0000001 -2.375738996e-05 -1.597672246e-05 -2.862986619e-05
272 0.003351742567 0.002357437931 300.0000001 -2.346219786e-05 -1.650206544e-05 -2.868436668e-05
273 0.003289358522 0.002391672056 300.0000001 -2.302550954e-05 -1.674170431e-05 -2.846855727e-05
274 0.003250716093 0.002471080594 300.0000001 -2.275501254e-05 -1.729756408e-05 -2.858314746e-05
275 0.003199731478 0.002572908743 300.0000001 -2.239812024e-05 -1.801036111e-05 -2.87410664e-05
276 0.003136954693 0.002645543201 300.0000001 -2.195868275e-05 -1.851880232e-05 -2.872507246e-05
277 0.003068592694 0.002671645275 300.0000001 -2.148014876e-05 -1.870151684e-05 -2.84805815e-05
278 0.003021772985 0.002745937596 300.0000001 -2.11524108e-05 -1.922156308e-05 -2.858133954e-05
279 0.00296196564 0.002834384892 300.0000001 -2.073375938e-05 -1.984069415e-05 -2.869742014e-05
280 0.002919082548 0.002944516224 300.0000002 -2.043357774e-05 -2.061161347e-05 -2.902360606e-05
281 0.002822837072 0.002934831778 300.0000001 -1.975985941e-05 -2.054382235e-05 -2.850439757e-05
282 0.002775101677 0.003009103832 300.0000001 -1.942571164e-05 -2.106372672e-05 -2.86537756e-05
283 0.00268750869 0.00308302445 300.0000001 -1.881256074e-05 -2.158117105e-05 -2.862969412e-05
284 0.002627359887 0.003144603417 300.0000001 -1.839151912e-05 -2.201222381e-05 -2.868424608e-05
285 0.002558252794 0.00316152605 300.0000001 -1.790776947e-05 -2.213068224e-05 -2.846849669e-05
286 0.002500375754 0.00322822799 300.0000001 -1.750263019e-05 -2.259759582e-05 -2.858309641e-05
287 0.002424775994 0.003313391639 300.0000001 -1.697343188e-05 -2.319374136e-05 -2.874103387e-05
288 0.002345342488 0.003367304132 300.0000001 -1.641739734e-05 -2.357112881e-05 -2.87250596e-05
289 0.00227255707 0.00337482325 300.0000001 -1.590789941e-05 -2.362376264e-05 -2.848057978e-05
290 0.002208104535 0.003434467734 300.0000001 -1.545673167e-05 -2.404127403e-05 -2.858134725e-05
291 0.0021274432 0.003504425467 300.0000001 -1.489210233e-05 -2.453097815e-05 -2.869744938e-05
292 0.002057515428 0.003599716316 300.0000002 -1.440260793e-05 -2.519801409e-05 -2.902369772e-05
293 0.00196705771 0.00356544708 300.0000001 -1.37694039e-05 -2.495812944e-05 -2.850446823e-05
294 0.001901723364 0.003624846578 300.0000001 -1.331206349e-05 -2.537392593e-05 -2.865392035e-05
295 0.001797979422 0.003673596218 300.0000001 -1.25858559e-05 -2.57151734e-05 -2.862994781e-05
296 0.001723935869 0.003717540069 300.0000001 -1.206755102e-05 -2.602278036e-05 -2.868468032e-05
297 0.001652803898 0.003715996327 300.0000001 -1.156962723e-05 -2.601197416e-05 -2.846891417e-05
298 0.001579621703 0.00376550274 300.0000001 -1.105735187e-05 -2.635851906e-05 -2.858385134e-05
299 0.001484520536 0.003828333206 300.0000001 -1.03916437e-05 -2.679833231e-05 -2.874259685e-05
300 0.001393791668 0.003859996913 300.0000001 -9.756541628e-06 -2.701997826e-05 -2.872750128e-05
301 0.001321538923 0.003848385698 300.0000001 -9.250772416e-06 -2.693869976e-05 -2.848280771e-05
302 0.001243739077 0.00388958026 300.0000001 -8.706173495e-06 -2.722706169e-05 -2.858514204e-05
303 0.001147443253 0.003936837831 300.0000001 -8.032102734e-06 -2.755786469e-05 -2.870453937e-05
304 0.001054317662 0.004012387046 300.0000002 -7.380223599e-06 -2.808670919e-05 -2.90401607e-05
305 0.0009757359294 0.003955085593 300.0000001 -6.830151473e-06 -2.768559902e-05 -2.851566871e-05
306 0.0008951205215 0.003997265381 300.0000001 -6.265843621e-06 -2.798085754e-05 -2.867384147e-05
307 0.0007745560186 0.004019458186 300.0000001 -5.421892105e-06 -2.813620717e-05 -2.865384909e-05
308 0.004817479153 0.0002397999116 300.0000007 -3.372235391e-05 -1.678599373e-06 -3.376410593e-05
309 0.004765488003 0.000174225786 300.0000007 -3.335841587e-05 -1.219580496e-06 -3.33807023e-05
310 0.004807565308 0.0003203646696 300.0000007 -3.3652957e-05 -2.242552677e-06 -3.372759341e-05
311 0.004793758203 0.0004163193119 300.0000007 -3.355630726e-05 -2.914235169e-06 -3.368261456e-05
312 0.004778033656 0.0005178922802 300.0000007 -3.344623543e-05 -3.625245944e-06 -3.364213241e-05
313 0.004761857761 0.00062213023 300.0000007 -3.333300417e-05 -4.35491159e-06 -3.36162821e-05
314 0.004745510257 0.0007272578401 300.0000007 -3.321857164e-05 -5.090804856e-06 -3.360639517e-05
315 0.004727885549 0.0008322503391 300.0000007 -3.309519869e-05 -5.825752346e-06 -3.360404093e-05
316 0.004708091867 0.0009367951207 300.0000007 -3.295664291e-05 -6.557565814e-06 -3.360270795e-05
317 0.004686256285 0.001040906741 300.0000007 -3.280379384e-05 -7.286347155e-06 -3.360326986e-05
318 0.004662647443 0.001144543435 300.0000007 -3.263853194e-05 -8.011804007e-06 -3.360748088e-05
319 0.004636963227 0.001247491002 300.0000007 -3.245874244e-05 -8.732436975e-06 -3.361287575e-05
320 0.004608887301 0.001349543536 300.0000007 -3.226221095e-05 -9.446804704e-06 -3.361684659e-05
321 0.004578655044 0.001450670835 300.0000007 -3.205058515e-05 -1.01546958e-05 -3.362079499e-05
322 0.004546477841 0.001550879937 300.0000007 -3.182534474e-05 -1.085615951e-05 -3.362601325e-05
323 0.004512003988 0.001650068399 300.0000007 -3.158402776e-05 -1.155047874e-05 -3.362981369e-05
324 0.004474931971 0.001748199881 300.0000007 -3.132452365e-05 -1.223739911e-05 -3.36300419e-05
325 0.004435590765 0.001845446084 300.0000007 -3.104913521e-05 -1.291812253e-05 -3.362925344e-05
326 0.004394355125 0.001941924328 300.0000007 -3.076048573e-05 -1.359347023e-05 -3.363019351e-05
327 0.004351052127 0.002037467762 300.0000007 -3.045736475e-05 -1.426227427e-05 -3.363128803e-05
328 0.004305483219 0.002131879876 300.0000007 -3.013838239e-05 -1.492315906e-05 -3.363068196e-05
329 0.004257954803 0.00222520256 300.0000007 -2.980568348e-05 -1.557641785e-05 -3.363039638e-05
330 0.004208734768 0.002317484445 300.0000007 -2.946114324e-05 -1.622239104e-05 -3.363220082e-05
331 0.004157523489 0.002408541259 300.0000007 -2.910266429e-05 -1.685978873e-05 -3.363357763e-05
332 0.004103998616 0.002498247341 300.0000007 -2.872799017e-05 -1.748773131e-05 -3.363210023e-05
333 0.004048374379 0.002586806681 300.0000007 -2.833862052e-05 -1.810764668e-05 -3.362981239e-05
334 0.003990927078 0.002674410167 300.0000007 -2.793648941e-05 -1.872087108e-05 -3.362913104e-05
335 0.003931490664 0.002760888072 300.0000007 -2.752043452e-05 -1.932621641e-05 -3.362851405e-05
336 0.003869919378 0.002846024503 300.0000007 -2.708943552e-05 -1.992217142e-05 -3.362633538e-05
337 0.003806542813 0.002929907221 300.0000007 -2.664579957e-05 -2.050935045e-05 -3.362487309e-05
338 0.003741671044 0.003012608371 300.0000007 -2.619169719e-05 -2.10882585e-05 -3.362617504e-05
339 0.003675127365 0.003093849168 300.0000007 -2.572589144e-05 -2.165694408e-05 -3.362803469e-05
340 0.003606724609 0.00317336827 300.0000007 -2.524707215e-05 -2.221357778e-05 -3.362822757e-05
341 0.003536719832 0.003251289682 300.0000007 -2.475703871e-05 -2.275902767e-05 -3.362862331e-05
342 0.003465345952 0.00332773989 300.0000007 -2.425742155e-05 -2.329417912e-05 -3.363095718e-05
343 0.003392356641 0.003402472439 300.0000007 -2.374649638e-05 -2.381730696e-05 -3.363272515e-05
344 0.003317472597 0.003475289091 300.0000007 -2.322230807e-05 -2.432702352e-05 -3.363152785e-05
345 0.003240849121 0.003546446738 300.0000007 -2.268594374e-05 -2.482512705e-05 -3.362943615e-05
346 0.003162705277 0.003616204167 300.0000007 -2.213893683e-05 -2.531342905e-05 -3.362888958e-05
347 0.003082926112 0.003684356353 300.0000007 -2.158048268e-05 -2.579049435e-05 -3.36283635e-05
348 0.003001427977 0.003750658289 300.0000007 -2.100999574e-05 -2.62546079e-05 -3.362624506e-05
349 0.002918507533 0.003815280899 300.0000007 -2.042955263e-05 -2.670696617e-05 -3.362482212e-05
350 0.002834446403 0.00387837473 300.0000007 -1.984112473e-05 -2.714862298e-05 -3.362614995e-05
351 0.00274914665 0.003939625239 300.0000007 -1.924402646e-05 -2.757737654e-05 -3.362802776e-05
352 0.002662495553 0.003998731996 300.0000007 -1.863746879e-05 -2.799112384e-05 -3.3628236e-05
353 0.002574709604 0.004055881835 300.0000007 -1.802296714e-05 -2.839117271e-05 -3.362864898e-05
354 0.002485981219 0.004111257907 300.0000007 -1.740186845e-05 -2.877880522e-05 -3.363100735e-05
355 0.00239613632 0.004164559398 300.0000007 -1.677295416e-05 -2.915191565e-05 -3.3632814e-05
356 0.002304956403 0.004215523987 300.0000007 -1.613469474e-05 -2.950866777e-05 -3.363167923e-05
357 0.002212524872 0.004264442103 300.0000007 -1.548767403e-05 -2.985109458e-05 -3.36296877e-05
358 0.002118986158 0.00431162338 300.0000007 -1.483290304e-05 -3.018136352e-05 -3.362929848e-05
359 0.002024282055 0.004356844115 300.0000007 -1.416997432e-05 -3.049790866e-05 -3.362901433e-05
360 0.001928394995 0.004399851504 300.0000007 -1.34987649e-05 -3.079896038e-05 -3.362725999e-05
361 0.001831567349 0.004440894656 300.0000007 -1.282097138e-05 -3.108626245e-05 -3.362637388e-05
362 0.001734032876 0.004480201069 300.0000007 -1.213823007e-05 -3.136140734e-05 -3.362847751e-05
363 0.00163578045 0.004517452781 300.0000007 -1.14504631e-05 -3.162216932e-05 -3.363145399e-05
364 0.001536783615 0.004552343327 300.0000007 -1.075748525e-05 -3.186640314e-05 -3.363318507e-05
365 0.001437212272 0.004585122787 300.0000007 -1.006048586e-05 -3.209585936e-05 -3.363565911e-05
366 0.001337221025 0.004616029851 300.0000007 -9.360547128e-06 -3.23122088e-05 -3.364072948e-05
367 0.001236745541 0.004644734634 300.0000007 -8.657218748e-06 -3.251314228e-05 -3.364597833e-05
368 0.001135680178 0.004670918441 300.0000007 -7.949761206e-06 -3.269642893e-05 -3.364899951e-05
369 0.001034077152 0.004694848096 300.0000007 -7.238540031e-06 -3.286393651e-05 -3.365166838e-05
370 0.0009320427335 0.004716787037 300.0000007 -6.524299103e-06 -3.30175091e-05 -3.365594132e-05
371 0.0008296208869 0.004736400842 300.0000007 -5.807346181e-06 -3.315480574e-05 -3.365956644e-05
372 0.0007269936141 0.004753378335 300.0000007 -5.088955274e-06 -3.327364819e-05 -3.366055747e-05
373 0.0006251023114 0.004768123642 300.0000007 -4.375716159e-06 -3.337686533e-05 -3.366247215e-05
374 0.0005240417866 0.004779198014 300.0000007 -3.668292489e-06 -3.345438594e-05 -3.365490022e-05
375 0.0004203458869 0.004784184585 300.0000007 -2.942421194e-06 -3.348929193e-05 -3.361830627e-05
376 0.0003133501104 0.00479115637 300.0000007 -2.193450762e-06 -3.353809443e-05 -3.360974567e-05
377 0.0002088057448 0.004802936303 300.0000007 -1.461640206e-06 -3.362055396e-05 -3.365231108e-05
378 0.0001619679384 0.004723098271 300.0000007 -1.133775563e-06 -3.306168774e-05 -3.308112216e-05
379 0.0002488016774 0.004702443188 300.0000007 -1.741611733e-06 -3.291710216e-05 -3.296314345e-05
380 0.0003607958595 0.004679477311 300.0000007 -2.525571005e-06 -3.275634102e-05 -3.285355972e-05
381 0.0004690758155 0.004693081491 300.0000007 -3.283530693e-06 -3.285157028e-05 -3.301525774e-05
382 0.0005628139275 0.004686908353 300.0000007 -3.939697474e-06 -3.280835831e-05 -3.304405531e-05
383 0.0006594653811 0.004670880834 300.0000007 -4.616257646e-06 -3.269616568e-05 -3.302043436e-05
384 0.0007604324883 0.004655335145 300.0000007 -5.323027393e-06 -3.258734586e-05 -3.301923274e-05
385 0.0008609768392 0.00463736287 300.0000007 -6.026837846e-06 -3.246153994e-05 -3.301627401e-05
386 0.000961064296 0.004616948802 300.0000007 -6.72745004e-06 -3.231864146e-05 -3.30114097e-05
387 0.001060650826 0.004594315887 300.0000007 -7.424555745e-06 -3.216021106e-05 -3.300610858e-05
388 0.001159682304 0.004569496136 300.0000007 -8.117776087e-06 -3.19864728e-05 -3.300049592e-05
389 0.001258185738 0.004542400219 300.0000007 -8.807300125e-06 -3.179680138e-05 -3.299401633e-05
390 0.001356261509 0.004513061277 300.0000007 -9.493830521e-06 -3.159142879e-05 -3.298713675e-05
391 0.001453991855 0.004481634988 300.0000007 -1.017794294e-05 -3.137144477e-05 -3.29811775e-05
392 0.001551341615 0.004448189945 300.0000007 -1.085939126e-05 -3.113732947e-05 -3.297665333e-05
393 0.001648178514 0.004412681375 300.0000007 -1.153724955e-05 -3.088876948e-05 -3.297308307e-05
394 0.001744390959 0.004375134824 300.0000007 -1.221073666e-05 -3.062594362e-05 -3.297044908e-05
395 0.001839916048 0.004335678999 300.0000007 -1.287941227e-05 -3.034975285e-05 -3.296948223e-05
396 0.001934638853 0.004294382741 300.0000007 -1.354247191e-05 -3.006067904e-05 -3.297033469e-05
397 0.002028352018 0.004251224776 300.0000007 -1.419846406e-05 -2.975857329e-05 -3.297224691e-05
398 0.002120851354 0.004206216452 300.0000007 -1.484595941e-05 -2.944351503e-05 -3.297458245e-05
399 0.002212019054 0.004159371951 300.0000007 -1.548413331e-05 -2.911560352e-05 -3.297691242e-05
400 0.00230182464 0.004110568201 300.0000007 -1.611277241e-05 -2.877397727e-05 -3.297822316e-05
401 0.002390332683 0.004059619854 300.0000007 -1.67323287e-05 -2.841733885e-05 -3.297750704e-05
402 0.002477710734 0.004006497103 300.0000007 -1.734397506e-05 -2.804547959e-05 -3.297517849e-05
403 0.002564126352 0.003951325398 300.0000007 -1.794888438e-05 -2.765927765e-05 -3.297268704e-05
404 0.002649596186 0.003894191805 300.0000007 -1.854717322e-05 -2.72593425e-05 -3.297073533e-05
405 0.002734002035 0.003835104796 300.0000007 -1.913801415e-05 -2.684573345e-05 -3.296903077e-05
406 0.002817255832 0.003774136357 300.0000007 -1.972079073e-05 -2.641895438e-05 -3.296772266e-05
407 0.002899338123 0.003711444089 300.0000007 -2.029536677e-05 -2.59801085e-05 -3.296768038e-05
408 0.002980160587 0.003647138674 300.0000007 -2.086112401e-05 -2.55299706e-05 -3.29691658e-05
409 0.003059520448 0.003581264822 300.0000007 -2.141664304e-05 -2.506885363e-05 -3.297150317e-05
410 0.003137225345 0.003513895297 300.0000007 -2.196057731e-05 -2.459726696e-05 -3.297411861e-05
411 0.003213166442 0.003445081029 300.0000007 -2.249216499e-05 -2.411556709e-05 -3.297662903e-05
412 0.00328728334 0.00337471598 300.0000007 -2.301098327e-05 -2.362301175e-05 -3.297805384e-05
413 0.003359591089 0.003302607939 300.0000007 -2.351713751e-05 -2.311825546e-05 -3.297740882e-05
414 0.003430244334 0.003228687198 300.0000007 -2.401171022e-05 -2.260081028e-05 -3.297512476e-05
415 0.003499437846 0.003153033222 300.0000007 -2.449606481e-05 -2.207123245e-05 -3.297266281e-05
416 0.003567210702 0.003075726901 300.0000007 -2.497047479e-05 -2.153008821e-05 -3.297073414e-05
417 0.003633451445 0.002996807749 300.0000007 -2.543416e-05 -2.097765414e-05 -3.296905319e-05
418 0.003698094303 0.002916368611 300.0000007 -2.588666e-05 -2.041458018e-05 -3.296777593e-05
419 0.00376116213 0.00283456718 300.0000007 -2.632813479e-05 -1.984197017e-05 -3.296777914e-05
420 0.003822599393 0.002751533675 300.0000007 -2.675819563e-05 -1.926073563e-05 -3.296933379e-05
421 0.003882223281 0.002667364354 300.0000007 -2.717556284e-05 -1.867155039e-05 -3.297177595e-05
422 0.003939868757 0.002582180171 300.0000007 -2.757908117e-05 -1.807526111e-05 -3.29745475e-05
423 0.003995446419 0.002496059886 300.0000007 -2.796812481e-05 -1.747241912e-05 -3.297728665e-05
424 0.004048873747 0.00240891898 300.0000007 -2.83421161e-05 -1.686243278e-05 -3.297904159e-05
425 0.004100119497 0.002320571705 300.0000007 -2.870083635e-05 -1.624400186e-05 -3.297886601e-05
426 0.004149319211 0.002230917237 300.0000007 -2.904523434e-05 -1.561642059e-05 -3.297723805e-05
427 0.004196684527 0.002139993234 300.0000007 -2.937679155e-05 -1.497995257e-05 -3.297567074e-05
428 0.004242271745 0.002047886774 300.0000007 -2.969590208e-05 -1.433520735e-05 -3.297491122e-05
429 0.004285966261 0.001954693622 300.0000007 -3.000176369e-05 -1.368285529e-05 -3.297463197e-05
430 0.004327678203 0.001860550671 300.0000007 -3.029374728e-05 -1.302385464e-05 -3.297471628e-05
431 0.004367363777 0.001765594351 300.0000007 -3.05715463e-05 -1.23591604e-05 -3.297526783e-05
432 0.004404851011 0.001669833447 300.0000007 -3.083395694e-05 -1.168883408e-05 -3.297516857e-05
433 0.004439892786 0.001573115265 300.0000007 -3.107924935e-05 -1.10118068e-05 -3.297240709e-05
434 0.004472460592 0.001475258373 300.0000007 -3.1307224e-05 -1.032680856e-05 -3.29664261e-05
435 0.004502775119 0.001376188975 300.0000007 -3.151942568e-05 -9.633322779e-06 -3.295868782e-05
436 0.004531010638 0.001275952161 300.0000007 -3.171707432e-05 -8.931665088e-06 -3.295068201e-05
437 0.004557183347 0.001174671993 300.0000007 -3.190028328e-05 -8.222703911e-06 -3.29429952e-05
438 0.004581338418 0.001072538124 300.0000007 -3.206936878e-05 -7.50776683e-06 -3.293646879e-05
439 0.00460360175 0.0009697896117 300.0000007 -3.22252121e-05 -6.78852725e-06 -3.29324824e-05
440 0.004623959378 0.0008666339014 300.0000007 -3.236771549e-05 -6.066437281e-06 -3.293130225e-05
441 0.004642219932 0.0007630649457 300.0000007 -3.249553937e-05 -5.341454595e-06 -3.293161424e-05
442 0.004658599283 0.0006587681192 300.0000007 -3.261019483e-05 -4.611376813e-06 -3.29346262e-05
443 0.004675132189 0.0005541692934 300.0000007 -3.272592517e-05 -3.879185036e-06 -3.295503383e-05
444 0.004693796819 0.0004515422515 300.0000007 -3.285657758e-05 -3.160795746e-06 -3.300826139e-05
445 0.004713558123 0.0003536633264 300.0000007 -3.29949067e-05 -2.475643273e-06 -3.308765144e-05
446 0.004734088824 0.0002622444419 300.0000007 -3.313862161e-05 -1.835711085e-06 -3.318942719e-05
447 0.004662112031 0.0001968793748 300.0000006 -3.263478406e-05 -1.378155617e-06 -3.266387062e-05
448 0.004585183072 0.0001387731709 300.0000006 -3.209628136e-05 -9.714121917e-07 -3.211097816e-05
449 0.0001693221518 0.004617571483 300.0000006 -1.185255057e-06 -3.232300023e-05 -3.234472404e-05
450 0.0003318919116 0.004259442526 300.0000003 -2.32324337e-06 -2.981609754e-05 -2.990647309e-05
451 0.0002526294299 0.004277100812 300.0000003 -1.768406002e-06 -2.993970554e-05 -2.999188603e-05
452 0.0002137106864 0.004344639792 300.0000004 -1.495974798e-06 -3.041247841e-05 -3.044924931e-05
453 0.0001298974309 0.004339836114 300.0000004 -9.09282012e-07 -3.037885266e-05 -3.039245766e-05
454 0.0001703486549 0.004424903336 300.0000005 -1.192440579e-06 -3.097432321e-05 -3.099726783e-05
455 0.000218641884 0.004514804008 300.0000005 -1.530493181e-06 -3.160362791e-05 -3.164066539e-05
456 0.0002785283665 0.004600541038 300.0000006 -1.949698556e-06 -3.220378712e-05 -3.226275297e-05
457 0.0003600126223 0.004580079364 300.0000006 -2.520088345e-06 -3.20605554e-05 -3.215944741e-05
458 0.0004353862894 0.00460508362 300.0000006 -3.047704012e-06 -3.223558519e-05 -3.237933681e-05
459 0.0005110134972 0.004623841366 300.0000006 -3.577094464e-06 -3.236688941e-05 -3.256395454e-05
460 0.0005881260159 0.004586552811 300.0000006 -4.116882092e-06 -3.210586953e-05 -3.236874382e-05
461 0.0003135599838 0.004508984481 300.0000005 -2.194919877e-06 -3.156289122e-05 -3.163911781e-05
462 0.0002612853591 0.004427323144 300.0000005 -1.828997505e-06 -3.099126187e-05 -3.104518552e-05
463 0.0003003144222 0.004345881628 300.0000004 -2.102200945e-06 -3.042117126e-05 -3.049371918e-05
464 0.0003511028011 0.004424834133 300.0000005 -2.457719596e-06 -3.097383879e-05 -3.107119365e-05
465 0.000411735238 0.004506499187 300.0000006 -2.882146652e-06 -3.154549416e-05 -3.167688386e-05
466 0.0004996231413 0.004547739685 300.0000006 -3.497361973e-06 -3.183417765e-05 -3.202571478e-05
467 0.0006932666009 0.004575239233 300.0000006 -4.852866184e-06 -3.202667448e-05 -3.239225507e-05
468 0.0007922193175 0.004559020369 300.0000006 -5.545535197e-06 -3.191314243e-05 -3.239138189e-05
469 0.0008904361987 0.004539971599 300.0000006 -6.233053362e-06 -3.177980105e-05 -3.238528537e-05
470 0.000988165744 0.004518704791 300.0000006 -6.917160176e-06 -3.163093339e-05 -3.237843498e-05
471 0.001085208889 0.004495283305 300.0000006 -7.596462188e-06 -3.146698299e-05 -3.237093227e-05
472 0.001181606658 0.004469631372 300.0000006 -8.271246571e-06 -3.128741946e-05 -3.236226408e-05
473 0.00127759186 0.004441754298 300.0000006 -8.943142975e-06 -3.109227994e-05 -3.235289289e-05
474 0.001373370966 0.004411728028 300.0000006 -9.613596715e-06 -3.088209605e-05 -3.234385719e-05
475 0.001468995526 0.004379661132 300.0000006 -1.028296864e-05 -3.065762778e-05 -3.233619621e-05
476 0.001564343248 0.004345655298 300.0000006 -1.095040269e-05 -3.041958695e-05 -3.233052101e-05
477 0.001659214016 0.004309735566 300.0000006 -1.161449806e-05 -3.016814882e-05 -3.232667271e-05
478 0.001753477054 0.004271890436 300.0000006 -1.227433932e-05 -2.990323291e-05 -3.232433672e-05
479 0.001847074731 0.004232185323 300.0000006 -1.292952306e-05 -2.962529713e-05 -3.232384254e-05
480 0.001939868092 0.004190770341 300.0000006 -1.357907658e-05 -2.933539225e-05 -3.232578784e-05
481 0.002031547231 0.004147764382 300.0000006 -1.422083055e-05 -2.903435054e-05 -3.232994793e-05
482 0.002121746859 0.004103119982 300.0000006 -1.485222794e-05 -2.872183974e-05 -3.23346989e-05
483 0.002210284269 0.00405660466 300.0000006 -1.547198981e-05 -2.839623249e-05 -3.233772546e-05
484 0.00229729873 0.004007969257 300.0000006 -1.608109103e-05 -2.805578467e-05 -3.23377263e-05
485 0.002383129191 0.003957103577 300.0000006 -1.668190426e-05 -2.769972491e-05 -3.233513089e-05
486 0.002468074884 0.003904026882 300.0000006 -1.72765241e-05 -2.732818805e-05 -3.233122557e-05
487 0.002552265263 0.003848852193 300.0000006 -1.786585676e-05 -2.694196523e-05 -3.232736191e-05
488 0.002635639904 0.00379173733 300.0000006 -1.844947924e-05 -2.654216119e-05 -3.232444284e-05
489 0.002718030456 0.003732786264 300.0000006 -1.902621311e-05 -2.612950373e-05 -3.232255791e-05
490 0.002799318385 0.003672047267 300.0000006 -1.95952286e-05 -2.570433075e-05 -3.232159655e-05
491 0.00287947127 0.003609620062 300.0000006 -2.01562988e-05 -2.526734031e-05 -3.232204925e-05
492 0.00295839755 0.003545702783 300.0000006 -2.070878275e-05 -2.481991937e-05 -3.232463581e-05
493 0.003035831054 0.003480503618 300.0000006 -2.125081728e-05 -2.436352521e-05 -3.232922201e-05
494 0.003111408261 0.003414081141 300.0000006 -2.177985773e-05 -2.389856787e-05 -3.23342504e-05
495 0.003184893647 0.003346265396 300.0000006 -2.229425542e-05 -2.342385766e-05 -3.233745402e-05
496 0.003256358078 0.003276784948 300.0000006 -2.279450644e-05 -2.293749453e-05 -3.233756607e-05
497 0.003326101084 0.003205449314 300.0000006 -2.328270748e-05 -2.24381451e-05 -3.233504017e-05
498 0.003394417238 0.00313220215 300.0000006 -2.376092056e-05 -2.192541495e-05 -3.233117948e-05
499 0.003461461373 0.003057120784 300.0000006 -2.42302295e-05 -2.139984539e-05 -3.232734762e-05
500 0.00352721655 0.002980374401 300.0000006 -2.469051573e-05 -2.086262071e-05 -3.232445684e-05
501 0.003591547774 0.002902107752 300.0000006 -2.51408343e-05 -2.031475417e-05 -3.232260488e-05
502 0.00365435396 0.002822398696 300.0000006 -2.55804776e-05 -1.975679078e-05 -3.232168956e-05
503 0.003715630809 0.002741352436 300.0000006 -2.600941554e-05 -1.918946696e-05 -3.232221124e-05
504 0.003775342743 0.002659184598 300.0000006 -2.642739908e-05 -1.86142921e-05 -3.232490205e-05
505 0.003833288604 0.002576165909 300.0000006 -2.68330201e-05 -1.803316128e-05 -3.232964388e-05
506 0.003889135133 0.002492448146 300.0000006 -2.72239458e-05 -1.744713694e-05 -3.233490084e-05
507 0.003942614534 0.00240792983 300.0000006 -2.759830161e-05 -1.685550873e-05 -3.233843574e-05
508 0.003993730027 0.002322333218 300.0000006 -2.795611006e-05 -1.625633245e-05 -3.23390234e-05
509 0.004042728199 0.002235401553 300.0000006 -2.829909726e-05 -1.56478108e-05 -3.233717503e-05
510 0.00408988705 0.002147012861 300.0000006 -2.862920922e-05 -1.502908995e-05 -3.23342723e-05
511 0.00413538454 0.002057218642 300.0000006 -2.894769165e-05 -1.440053043e-05 -3.233178201e-05
512 0.004179251718 0.001966220552 300.0000006 -2.925476189e-05 -1.37635438e-05 -3.233073199e-05
513 0.004221377729 0.001874257811 300.0000006 -2.954964396e-05 -1.311980461e-05 -3.233126554e-05
514 0.00426160038 0.001781525434 300.0000006 -2.983120252e-05 -1.247067798e-05 -3.23329314e-05
515 0.004299709371 0.001688137689 300.0000006 -3.009796546e-05 -1.181696377e-05 -3.233462784e-05
516 0.004335375811 0.001593999562 300.0000006 -3.034763054e-05 -1.115799688e-05 -3.233387656e-05
517 0.004368349994 0.001498751504 300.0000006 -3.057844982e-05 -1.049126048e-05 -3.232813232e-05
518 0.004398764536 0.00140202649 300.0000006 -3.079135161e-05 -9.814185385e-06 -3.231757368e-05
519 0.004427012251 0.001303746772 300.0000006 -3.098908561e-05 -9.126227363e-06 -3.230497567e-05
520 0.004453369206 0.001204115692 300.0000006 -3.11735843e-05 -8.428809808e-06 -3.229298984e-05
521 0.004477884284 0.001103417223 300.0000006 -3.134518984e-05 -7.723920525e-06 -3.228281082e-05
522 0.004500556969 0.001001906996 300.0000006 -3.150389864e-05 -7.01334894e-06 -3.227510949e-05
523 0.00452149383 0.0008999474196 300.0000006 -3.165045666e-05 -6.299631908e-06 -3.227129947e-05
524 0.004540536787 0.0007979326296 300.0000006 -3.178375736e-05 -5.585528381e-06 -3.227081281e-05
525 0.004556889672 0.0006955129235 300.0000006 -3.189822755e-05 -4.868590442e-06 -3.22676323e-05
526 0.004570035787 0.0005904329118 300.0000006 -3.199025036e-05 -4.133030363e-06 -3.22561321e-05
527 0.004588509022 0.0004842069384 300.0000006 -3.211956301e-05 -3.389448553e-06 -3.229790534e-05
528 0.004613819318 0.0003829609949 300.0000006 -3.229673507e-05 -2.680726952e-06 -3.240779834e-05
529 0.004638341629 0.0002885123986 300.0000006 -3.246839125e-05 -2.019586781e-06 -3.253114141e-05
530 0.004566449201 0.0002232670006 300.0000006 -3.196514426e-05 -1.562868997e-06 -3.200332806e-05
531 0.004498719709 0.0001615067756 300.0000005 -3.149103782e-05 -1.130547424e-06 -3.151132495e-05
532 0.00454003685 0.000312034 300.0000006 -3.178025781e-05 -2.18423799e-06 -3.185523005e-05
533 0.004474321996 0.0002418611465 300.0000005 -3.132025383e-05 -1.693028018e-06 -3.136597908e-05
534 0.004508700737 0.0004077654537 300.0000006 -3.156090501e-05 -2.854358163e-06 -3.168971577e-05
535 0.004438616495 0.0003277952217 300.0000005 -3.107031532e-05 -2.294566542e-06 -3.115492786e-05
536 0.004469606664 0.0005183251977 300.0000005 -3.128724651e-05 -3.628276368e-06 -3.149692339e-05
537 0.004401654165 0.0004212256605 300.0000005 -3.081157901e-05 -2.94857961e-06 -3.095234277e-05
538 0.004471527142 0.0006315699205 300.0000005 -3.130068985e-05 -4.420989423e-06 -3.161136398e-05
539 0.004458480772 0.0007312690109 300.0000005 -3.120936526e-05 -5.118883053e-06 -3.16263726e-05
540 0.004440251577 0.0008311371171 300.0000005 -3.10817609e-05 -5.817959793e-06 -3.162158308e-05
541 0.004420144551 0.0009322673636 300.0000005 -3.094101172e-05 -6.525871515e-06 -3.162172046e-05
542 0.004398981409 0.001033482191 300.0000005 -3.079286972e-05 -7.234375305e-06 -3.163126636e-05
543 0.004375993646 0.001133807545 300.0000005 -3.063195538e-05 -7.93665278e-06 -3.164343767e-05
544 0.004351263363 0.001233138376 300.0000005 -3.04588434e-05 -8.631968594e-06 -3.165836419e-05
545 0.004325037742 0.001331120089 300.0000006 -3.027526405e-05 -9.317840578e-06 -3.1676707e-05
546 0.004297112747 0.001427175144 300.0000006 -3.007978909e-05 -9.990225962e-06 -3.169539913e-05
547 0.004266667524 0.001521035441 300.0000006 -2.986667253e-05 -1.064724804e-05 -3.17077596e-05
548 0.004232969109 0.001613242456 300.0000006 -2.963078363e-05 -1.129269714e-05 -3.170975161e-05
549 0.004196289904 0.001704764058 300.0000006 -2.937402919e-05 -1.193334835e-05 -3.170549469e-05
550 0.004157384022 0.001795993598 300.0000006 -2.910168802e-05 -1.257195513e-05 -3.170114038e-05
551 0.004116591808 0.001886718827 300.0000006 -2.881614252e-05 -1.320703173e-05 -3.169851348e-05
552 0.004074128006 0.001976711856 300.0000006 -2.851889591e-05 -1.383698293e-05 -3.169841511e-05
553 0.004030296329 0.002065657623 300.0000006 -2.821207417e-05 -1.445960329e-05 -3.170175479e-05
554 0.003985122639 0.002153065503 300.0000006 -2.789585835e-05 -1.507145845e-05 -3.170690418e-05
555 0.003938403521 0.002238689962 300.0000006 -2.756882452e-05 -1.567082966e-05 -3.171143308e-05
556 0.003889851603 0.002322672131 300.0000006 -2.72289611e-05 -1.625870484e-05 -3.17137479e-05
557 0.003838858048 0.002405334494 300.0000006 -2.687200621e-05 -1.683734138e-05 -3.17112091e-05
558 0.003784937829 0.002487209006 300.0000006 -2.649456468e-05 -1.741046296e-05 -3.170309414e-05
559 0.003728422046 0.002568801957 300.0000006 -2.609895421e-05 -1.798161361e-05 -3.169375078e-05
560 0.003670084967 0.002650084615 300.0000006 -2.569059465e-05 -1.855059222e-05 -3.16880281e-05
561 0.003610428935 0.002730544258 300.0000006 -2.527300243e-05 -1.911380972e-05 -3.168694326e-05
562 0.003549442048 0.002809653828 300.0000006 -2.484609422e-05 -1.966757671e-05 -3.168819925e-05
563 0.003486905818 0.00288724883 300.0000006 -2.440834061e-05 -2.021074171e-05 -3.168976447e-05
564 0.003422895113 0.002963443809 300.0000006 -2.396026568e-05 -2.074410657e-05 -3.169246423e-05
565 0.003357759353 0.003038157546 300.0000006 -2.350431536e-05 -2.126710272e-05 -3.16976734e-05
566 0.003291663751 0.00311098208 300.0000006 -2.304164615e-05 -2.177687446e-05 -3.170409625e-05
567 0.003224491972 0.003181652556 300.0000006 -2.25714437e-05 -2.227156779e-05 -3.17095065e-05
568 0.003155942656 0.003250242891 300.0000006 -2.209159849e-05 -2.275170013e-05 -3.171243577e-05
569 0.003085353355 0.003316913717 300.0000006 -2.159747338e-05 -2.321839592e-05 -3.171032585e-05
570 0.003012124423 0.003382057589 300.0000006 -2.108487087e-05 -2.367440301e-05 -3.170250996e-05
571 0.002936449085 0.003446252074 300.0000006 -2.05551435e-05 -2.41237644e-05 -3.169337365e-05
572 0.002859085668 0.003509671763 300.0000006 -2.001359959e-05 -2.456770223e-05 -3.168779199e-05
573 0.002780654357 0.003571952829 300.0000006 -1.946458041e-05 -2.500366969e-05 -3.168680149e-05
574 0.002701281852 0.003632584154 300.0000006 -1.890897288e-05 -2.542808896e-05 -3.168812023e-05
575 0.002620801068 0.00369135117 300.0000006 -1.834560739e-05 -2.583945807e-05 -3.168972868e-05
576 0.00253925567 0.003748384715 300.0000006 -1.77747896e-05 -2.623869289e-05 -3.169246203e-05
577 0.00245700486 0.003803697675 300.0000006 -1.719903394e-05 -2.66258836e-05 -3.169770411e-05
578 0.002374314222 0.003856939894 300.0000006 -1.662019948e-05 -2.699857914e-05 -3.170416859e-05
579 0.002291140119 0.003907827038 300.0000006 -1.603798076e-05 -2.735478914e-05 -3.170964074e-05
580 0.00220717229 0.003956354843 300.0000006 -1.545020596e-05 -2.769448378e-05 -3.171266775e-05
581 0.002121728992 0.004002510467 300.0000006 -1.485210288e-05 -2.801757314e-05 -3.171071372e-05
582 0.002034128795 0.004046522974 300.0000006 -1.42389015e-05 -2.832566069e-05 -3.170314447e-05
583 0.001944407854 0.00408900749 300.0000006 -1.361085492e-05 -2.862305229e-05 -3.169439216e-05
584 0.00185325205 0.004130338779 300.0000006 -1.297276429e-05 -2.891237132e-05 -3.168939615e-05
585 0.001761352714 0.004170339111 300.0000006 -1.232946894e-05 -2.919237364e-05 -3.168928026e-05
586 0.001668962148 0.004208565406 300.0000006 -1.168273498e-05 -2.945995771e-05 -3.169188232e-05
587 0.001575971862 0.004244791449 300.0000006 -1.103180299e-05 -2.971354001e-05 -3.169534882e-05
588 0.00148238846 0.004279186612 300.0000006 -1.037671917e-05 -2.995430614e-05 -3.170073749e-05
589 0.001388557686 0.004311894741 300.0000006 -9.719903755e-06 -3.018326305e-05 -3.170971298e-05
590 0.001294837559 0.004342692027 300.0000006 -9.063862868e-06 -3.039884405e-05 -3.172133871e-05
591 0.0012012879 0.004371348632 300.0000006 -8.409015262e-06 -3.059944028e-05 -3.173385075e-05
592 0.001107671024 0.004397843956 300.0000006 -7.753697135e-06 -3.078490755e-05 -3.174634392e-05
593 0.001013453062 0.00442204481 300.0000006 -7.094171404e-06 -3.095431353e-05 -3.175683854e-05
594 0.0009181463625 0.004443995906 300.0000006 -6.427024508e-06 -3.11079712e-05 -3.176495736e-05
595 0.000821999596 0.004464118284 300.0000006 -5.753997146e-06 -3.124882784e-05 -3.177416757e-05
596 0.000726150477 0.004482401992 300.0000006 -5.083053315e-06 -3.13768138e-05 -3.178587541e-05
597 0.0006331457765 0.004497532668 300.0000006 -4.432020415e-06 -3.148272853e-05 -3.179315965e-05
598 0.0005574688612 0.00450407157 300.0000006 -3.90228201e-06 -3.152850085e-05 -3.17690757e-05
599 0.004394064233 0.0005853731296 300.0000005 -3.075844949e-05 -4.097611888e-06 -3.103018914e-05
600 0.004352822808 0.0005076446847 300.0000004 -3.046975952e-05 -3.553512777e-06 -3.067627256e-05
601 0.004380151518 0.000668468741 300.0000005 -3.066106049e-05 -4.679281166e-06 -3.101606523e-05
602 0.004361605741 0.0007629655033 300.0000005 -3.053124005e-05 -5.340758499e-06 -3.099484345e-05
603 0.004339339092 0.0008624278278 300.0000005 -3.03753735e-05 -6.036994767e-06 -3.096947887e-05
604 0.004320350415 0.0009647071837 300.0000005 -3.024245277e-05 -6.752950255e-06 -3.09872278e-05
605 0.004299079766 0.001064811035 300.0000005 -3.009355823e-05 -7.453677214e-06 -3.100289584e-05
606 0.004275520194 0.001163925855 300.0000005 -2.992864122e-05 -8.147480944e-06 -3.101781764e-05
607 0.004250798554 0.001262180753 300.0000005 -2.975558974e-05 -8.835265231e-06 -3.103960426e-05
608 0.004225440975 0.00135854029 300.0000005 -2.957808669e-05 -9.50978199e-06 -3.106926401e-05
609 0.004198594877 0.00145168361 300.0000005 -2.9390164e-05 -1.016178523e-05 -3.109732495e-05
610 0.004167792604 0.001541483667 300.0000005 -2.91745481e-05 -1.079038562e-05 -3.110605533e-05
611 0.004132177601 0.001630171548 300.0000005 -2.892524308e-05 -1.141120079e-05 -3.109477754e-05
612 0.004094103281 0.001719662474 300.0000005 -2.865872283e-05 -1.203763726e-05 -3.108419382e-05
613 0.004054550126 0.001809191586 300.0000005 -2.838185075e-05 -1.266434105e-05 -3.107917287e-05
614 0.004013071656 0.001898104172 300.0000005 -2.809150146e-05 -1.328672914e-05 -3.107522527e-05
615 0.003970386426 0.001986524582 300.0000005 -2.779270485e-05 -1.390567201e-05 -3.107735763e-05
616 0.003927084704 0.002073591236 300.0000005 -2.74895928e-05 -1.451513858e-05 -3.108644335e-05
617 0.003882551072 0.002158223491 300.0000005 -2.717785738e-05 -1.510756437e-05 -3.109460456e-05
618 0.003836650772 0.002240631441 300.0000005 -2.685655528e-05 -1.568442002e-05 -3.110105453e-05
619 0.003789062658 0.00232130457 300.0000005 -2.652343848e-05 -1.624913191e-05 -3.110509728e-05
620 0.003737751851 0.002400636507 300.0000005 -2.616426283e-05 -1.680445547e-05 -3.109595429e-05
621 0.003682370857 0.002480062287 300.0000005 -2.577659588e-05 -1.736043593e-05 -3.107760659e-05
622 0.003624700816 0.002560302857 300.0000005 -2.53729056e-05 -1.792211991e-05 -3.106423539e-05
623 0.003566172465 0.002640522147 300.0000005 -2.496320714e-05 -1.848365494e-05 -3.106134593e-05
624 0.003507072492 0.002719458114 300.0000005 -2.454950733e-05 -1.903620671e-05 -3.106534204e-05
625 0.003446521869 0.002796373551 300.0000005 -2.412565297e-05 -1.957461476e-05 -3.106787206e-05
626 0.003383985585 0.002871751731 300.0000005 -2.368789899e-05 -2.010226203e-05 -3.106794967e-05
627 0.003320211646 0.002946225621 300.0000005 -2.324148141e-05 -2.062357925e-05 -3.107247141e-05
628 0.003256072495 0.003019191076 300.0000005 -2.279250736e-05 -2.113433743e-05 -3.108309204e-05
629 0.003191301656 0.003089464147 300.0000005 -2.233911149e-05 -2.162624893e-05 -3.109229077e-05
630 0.003125741293 0.003157219848 300.0000005 -2.188018895e-05 -2.210053884e-05 -3.109946117e-05
631 0.003058969186 0.003222851816 300.0000005 -2.14127842e-05 -2.255996261e-05 -3.110400682e-05
632 0.002988927836 0.003286216744 300.0000005 -2.092249476e-05 -2.30035171e-05 -3.109521805e-05
633 0.002914916533 0.003348613224 300.0000005 -2.040441564e-05 -2.344029246e-05 -3.107712162e-05
634 0.002838472506 0.0034112003 300.0000005 -1.986930745e-05 -2.387840199e-05 -3.106392538e-05
635 0.002761196555 0.00347354201 300.0000005 -1.932837579e-05 -2.431479396e-05 -3.106115446e-05
636 0.002683694324 0.003534494574 300.0000005 -1.878586018e-05 -2.474146191e-05 -3.106522944e-05
637 0.002605309295 0.003593119279 300.0000005 -1.823716498e-05 -2.515183484e-05 -3.106781264e-05
638 0.002525400902 0.00364974528 300.0000005 -1.767780623e-05 -2.554821684e-05 -3.106792907e-05
639 0.002444528659 0.003705178437 300.0000005 -1.711170053e-05 -2.593624894e-05 -3.107248468e-05
640 0.002363692161 0.00375906201 300.0000005 -1.654584505e-05 -2.631343395e-05 -3.108314326e-05
641 0.002282940739 0.003810184769 300.0000005 -1.59805851e-05 -2.667129326e-05 -3.109239432e-05
642 0.002202076703 0.003858676894 300.0000005 -1.541453685e-05 -2.701073813e-05 -3.109964503e-05
643 0.002120590142 0.00390481215 300.0000005 -1.484413093e-05 -2.733368493e-05 -3.11043173e-05
644 0.00203653022 0.00394792389 300.0000005 -1.425571147e-05 -2.76354671e-05 -3.109572883e-05
645 0.001948882953 0.003989091722 300.0000005 -1.364218061e-05 -2.792364192e-05 -3.107794829e-05
646 0.001858831573 0.004029842263 300.0000005 -1.301182095e-05 -2.820889571e-05 -3.106524235e-05
647 0.001768032862 0.004070180836 300.0000005 -1.237622998e-05 -2.849126572e-05 -3.106321443e-05
648 0.001677364649 0.004109175214 300.0000005 -1.174155249e-05 -2.876422637e-05 -3.106838865e-05
649 0.001586431018 0.00414577115 300.0000005 -1.110501707e-05 -2.902039792e-05 -3.107257471e-05
650 0.001494521256 0.00418015405 300.0000005 -1.046164875e-05 -2.926107821e-05 -3.107501879e-05
651 0.001401959989 0.004213290796 300.0000005 -9.813719876e-06 -2.949303543e-05 -3.108292517e-05
652 0.001309801629 0.004245145153 300.0000005 -9.168611359e-06 -2.971601593e-05 -3.109831245e-05
653 0.001218412035 0.004274622001 300.0000005 -8.528884207e-06 -2.992235387e-05 -3.111413066e-05
654 0.001127593408 0.004301890919 300.0000005 -7.893153818e-06 -3.01132363e-05 -3.113051361e-05
655 0.001036849843 0.004327205606 300.0000005 -7.257948871e-06 -3.02904391e-05 -3.114784941e-05
656 0.0009446391414 0.004349569599 300.0000005 -6.61247396e-06 -3.044698705e-05 -3.115676223e-05
657 0.000850137164 0.004369888968 300.0000005 -5.950960121e-06 -3.058922264e-05 -3.116270957e-05
658 0.0007548525639 0.004389737425 300.0000005 -5.283967923e-06 -3.072816183e-05 -3.117916366e-05
659 0.0006613576702 0.004409050852 300.0000005 -4.62950367e-06 -3.086335583e-05 -3.120863722e-05
660 0.0005724410131 0.004428144197 300.0000005 -4.007087073e-06 -3.099700923e-05 -3.125494086e-05
661 0.004422466545 0.0001796714418 300.0000005 -3.095726567e-05 -1.257700087e-06 -3.098280342e-05
662 0.004334084171 0.000154450348 300.0000004 -3.033858906e-05 -1.081152431e-06 -3.035784703e-05
663 0.004379664812 0.0002468574428 300.0000004 -3.065765355e-05 -1.728002091e-06 -3.070631388e-05
664 0.004281165799 0.000240355437 300.0000003 -2.996816046e-05 -1.682488051e-06 -3.001535286e-05
665 0.0042374944 0.0003070716887 300.0000003 -2.966246067e-05 -2.149501811e-06 -2.974024093e-05
666 0.004327349249 0.0003369888108 300.0000004 -3.029144461e-05 -2.358921665e-06 -3.038315533e-05
667 0.004312865798 0.000428794576 300.0000004 -3.019006044e-05 -3.001562018e-06 -3.033890447e-05
668 0.00424000489 0.0003867971714 300.0000003 -2.968003409e-05 -2.707580187e-06 -2.980327858e-05
669 0.004156459368 0.000422607957 300.0000002 -2.909521544e-05 -2.958255685e-06 -2.924521907e-05
670 0.00413862166 0.0005142011598 300.0000002 -2.897035148e-05 -3.599408102e-06 -2.919309857e-05
671 0.004121095357 0.0006085427056 300.0000002 -2.884766737e-05 -4.25979892e-06 -2.916048352e-05
672 0.004103698777 0.0007002100794 300.0000002 -2.87258913e-05 -4.901470533e-06 -2.914105771e-05
673 0.004242520187 0.000491294107 300.0000003 -2.969764117e-05 -3.439058733e-06 -2.98961037e-05
674 0.004200630781 0.000578172743 300.0000003 -2.940441533e-05 -4.047209182e-06 -2.968163646e-05
675 0.00420468463 0.000675986898 300.0000003 -2.943279227e-05 -4.731908264e-06 -2.981073996e-05
676 0.004296268722 0.0006008194138 300.0000004 -3.007388091e-05 -4.205735877e-06 -3.036653631e-05
677 0.004299029228 0.0006987863701 300.0000004 -3.009320446e-05 -4.891504568e-06 -3.048815789e-05
678 0.00425246061 0.0007856860126 300.0000004 -2.976722413e-05 -5.499802063e-06 -3.027103327e-05
679 0.004159694138 0.0007596604774 300.0000003 -2.911785883e-05 -5.317623317e-06 -2.959943954e-05
680 0.004076033675 0.0007942479502 300.0000002 -2.853223559e-05 -5.559735625e-06 -2.906886871e-05
681 0.004241313027 0.0008978010104 300.0000004 -2.968919105e-05 -6.284607044e-06 -3.034706495e-05
682 0.004161631941 0.0008421678306 300.0000003 -2.913142345e-05 -5.895174787e-06 -2.972192655e-05
683 0.004089506983 0.0008812591867 300.0000002 -2.862654875e-05 -6.168814278e-06 -2.9283674e-05
684 0.00406098611 0.0009597945554 300.0000002 -2.842690264e-05 -6.718561857e-06 -2.921006448e-05
685 0.004033189116 0.001053703284 300.0000002 -2.823232368e-05 -7.375922953e-06 -2.917993043e-05
686 0.004223350831 0.0009974683695 300.0000004 -2.956345568e-05 -6.982278554e-06 -3.037680243e-05
687 0.004150830678 0.000934355376 300.0000003 -2.905581461e-05 -6.540487602e-06 -2.978285314e-05
688 0.004200402311 0.001095508496 300.0000004 -2.940281604e-05 -7.668559439e-06 -3.038638503e-05
689 0.00417571787 0.001194162039 300.0000004 -2.923002496e-05 -8.359134237e-06 -3.040180067e-05
690 0.004151960036 0.001292270994 300.0000004 -2.906372012e-05 -9.045896919e-06 -3.043892374e-05
691 0.004129304929 0.001386903561 300.0000004 -2.890513437e-05 -9.708324884e-06 -3.049193935e-05
692 0.004105425662 0.001475073055 300.0000004 -2.87379795e-05 -1.032551134e-05 -3.053666076e-05
693 0.004071104283 0.00155781894 300.0000004 -2.849772985e-05 -1.090473253e-05 -3.051284644e-05
694 0.004030995077 0.0016441915 300.0000004 -2.821696541e-05 -1.150934045e-05 -3.047395699e-05
695 0.003993416232 0.001733806015 300.0000004 -2.79539135e-05 -1.213664205e-05 -3.047489721e-05
696 0.003952930672 0.001821016099 300.0000004 -2.767051458e-05 -1.274711263e-05 -3.04654929e-05
697 0.003910041853 0.001908620277 300.0000004 -2.737029284e-05 -1.336034188e-05 -3.045704624e-05
698 0.003867896486 0.001996626493 300.0000004 -2.707527528e-05 -1.397638539e-05 -3.046981916e-05
699 0.003826456786 0.002081619465 300.0000004 -2.678519738e-05 -1.457133619e-05 -3.049214058e-05
700 0.003781788816 0.002161917419 300.0000004 -2.647252159e-05 -1.513342186e-05 -3.049286567e-05
701 0.003738445528 0.002241158591 300.0000004 -2.616911858e-05 -1.568811006e-05 -3.051130224e-05
702 0.003693013394 0.0023175747 300.0000004 -2.585109364e-05 -1.622302283e-05 -3.051991992e-05
703 0.003638458102 0.002392515915 300.0000004 -2.54692066e-05 -1.674761133e-05 -3.048217463e-05
704 0.003580137576 0.002471090309 300.0000004 -2.506096292e-05 -1.729763208e-05 -3.045094314e-05
705 0.003521194117 0.002551440668 300.0000004 -2.464835871e-05 -1.78600846e-05 -3.043886018e-05
706 0.003463726015 0.00263149072 300.0000004 -2.424608199e-05 -1.842043496e-05 -3.044971127e-05
707 0.00340631236 0.002708356731 300.0000004 -2.384418641e-05 -1.895849703e-05 -3.046259731e-05
708 0.003345577513 0.002781968303 300.0000004 -2.341904248e-05 -1.947377803e-05 -3.045783285e-05
709 0.003281961702 0.002855449818 300.0000004 -2.297373181e-05 -1.998814863e-05 -3.04519037e-05
710 0.003218751901 0.002929563341 300.0000004 -2.25312632e-05 -2.050694329e-05 -3.046625255e-05
711 0.003156899629 0.003000962001 300.0000004 -2.20982973e-05 -2.100673391e-05 -3.048963124e-05
712 0.003093089922 0.003066989526 300.0000004 -2.165162935e-05 -2.146892658e-05 -3.04911112e-05
713 0.003030797091 0.003132333612 300.0000004 -2.121557954e-05 -2.192633518e-05 -3.051008014e-05
714 0.002967192845 0.003194402363 300.0000004 -2.077034982e-05 -2.236081644e-05 -3.051906852e-05
715 0.002895144607 0.003252681123 300.0000004 -2.026601215e-05 -2.276876776e-05 -3.048160156e-05
716 0.002818507896 0.003313491178 300.0000004 -1.972955518e-05 -2.319443814e-05 -3.045057156e-05
717 0.002740800297 0.003375852736 300.0000004 -1.918560199e-05 -2.363096905e-05 -3.043862713e-05
718 0.002664588053 0.00343830426 300.0000004 -1.865211628e-05 -2.406812971e-05 -3.044956994e-05
719 0.002589247187 0.003497693319 300.0000004 -1.812473023e-05 -2.448385312e-05 -3.046251646e-05
720 0.002511537103 0.003553078986 300.0000004 -1.758075964e-05 -2.487155279e-05 -3.045779453e-05
721 0.002431075346 0.00360759394 300.0000004 -1.701752735e-05 -2.525315747e-05 -3.045189976e-05
722 0.002350840122 0.003662825928 300.0000004 -1.645588078e-05 -2.563978138e-05 -3.046628302e-05
723 0.002272617136 0.0037157894 300.0000004 -1.590831988e-05 -2.601052568e-05 -3.048970462e-05
724 0.002193892114 0.003763062048 300.0000004 -1.535724473e-05 -2.634143421e-05 -3.049124665e-05
725 0.002116807571 0.003810073538 300.0000004 -1.481765293e-05 -2.667051465e-05 -3.051031284e-05
726 0.002039302159 0.003853590758 300.0000004 -1.427511505e-05 -2.697513518e-05 -3.051944999e-05
727 0.001954618671 0.003891275917 300.0000004 -1.368233063e-05 -2.723893129e-05 -3.048221694e-05
728 0.001864843463 0.003930241474 300.0000004 -1.305390418e-05 -2.751169019e-05 -3.045156008e-05
729 0.001773625432 0.003970462243 300.0000004 -1.241537797e-05 -2.779323557e-05 -3.044019635e-05
730 0.00168381827 0.004011204303 300.0000004 -1.178672784e-05 -2.807842999e-05 -3.045201445e-05
731 0.001595630528 0.004049276598 300.0000004 -1.116941365e-05 -2.834493605e-05 -3.04662305e-05
732 0.001506166806 0.004082958733 300.0000004 -1.05431676e-05 -2.8580711e-05 -3.046334559e-05
733 0.001414231228 0.0041152276 300.0000004 -9.89961855e-06 -2.880659307e-05 -3.046017485e-05
734 0.001322271536 0.00414844635 300.0000004 -9.25590071e-06 -2.903912431e-05 -3.047855703e-05
735 0.00123277244 0.004180241868 300.0000004 -8.62940704e-06 -2.926169294e-05 -3.050759478e-05
736 0.001144170088 0.004206734099 300.0000004 -8.009190581e-06 -2.944713855e-05 -3.051689864e-05
737 0.001057149607 0.004233912082 300.0000004 -7.400047217e-06 -2.963738444e-05 -3.054726265e-05
738 0.0009705624644 0.004258289636 300.0000004 -6.793937219e-06 -2.980802732e-05 -3.057247251e-05
739 0.0008786461103 0.004276300555 300.0000004 -6.150522744e-06 -2.993410375e-05 -3.055944203e-05
740 0.0007824911131 0.00429590537 300.0000004 -5.477437767e-06 -3.007133746e-05 -3.056611949e-05
741 0.0006869247693 0.004317335098 300.0000004 -4.808473363e-06 -3.022134555e-05 -3.060148923e-05
742 0.0005945729508 0.004339409358 300.0000004 -4.162010636e-06 -3.037586537e-05 -3.065967269e-05
743 0.0041282255 0.001027648428 300.0000003 -2.889757836e-05 -7.19353896e-06 -2.977947343e-05
744 0.004100627606 0.001125072612 300.0000003 -2.870439311e-05 -7.875508246e-06 -2.976517787e-05
745 0.004075118874 0.001226068045 300.0000003 -2.852583199e-05 -8.582476273e-06 -2.978895751e-05
746 0.004055513482 0.001325843646 300.0000003 -2.838859424e-05 -9.280905481e-06 -2.986716407e-05
747 0.00399117339 0.001153372885 300.0000002 -2.79382136e-05 -8.073610155e-06 -2.908138512e-05
748 0.00397581606 0.001265734458 300.0000002 -2.783071229e-05 -8.860141163e-06 -2.92070308e-05
749 0.004039043059 0.001418099243 300.0000003 -2.827330128e-05 -9.926694658e-06 -2.996529379e-05
750 0.003961948671 0.001366050051 300.0000002 -2.773364057e-05 -9.562350309e-06 -2.93358716e-05
751 0.003955318663 0.001460252761 300.0000003 -2.768723052e-05 -1.022176928e-05 -2.951384931e-05
752 0.004026873125 0.001494552493 300.0000003 -2.818811175e-05 -1.04618674e-05 -3.006693056e-05
753 0.003963522207 0.001561551759 300.0000003 -2.774465532e-05 -1.093086226e-05 -2.982028921e-05
754 0.003931809316 0.001662255967 300.0000003 -2.752266509e-05 -1.163579172e-05 -2.988124399e-05
755 0.003896276829 0.001746645307 300.0000003 -2.727393768e-05 -1.222651709e-05 -2.988905145e-05
756 0.003850396438 0.001829861406 300.0000003 -2.695277494e-05 -1.280902978e-05 -2.984163737e-05
757 0.003805738988 0.001919725706 300.0000003 -2.664017279e-05 -1.343807988e-05 -2.983757358e-05
758 0.003767842278 0.002009820775 300.0000003 -2.637489582e-05 -1.406874536e-05 -2.989255301e-05
759 0.003731751671 0.00208968645 300.0000003 -2.612226157e-05 -1.462780508e-05 -2.993902522e-05
760 0.003675048733 0.002160336271 300.0000003 -2.572534102e-05 -1.512235383e-05 -2.984089066e-05
761 0.00365527946 0.002245342353 300.0000003 -2.55869561e-05 -1.57173964e-05 -3.002880071e-05
762 0.003599250837 0.002304648187 300.0000003 -2.519475574e-05 -1.613253723e-05 -2.991712677e-05
763 0.0035383836 0.002381239251 300.0000003 -2.476868508e-05 -1.666867468e-05 -2.985519178e-05
764 0.003475870368 0.002461136383 300.0000003 -2.433109246e-05 -1.72279546e-05 -2.981282409e-05
765 0.003416705168 0.002544259422 300.0000003 -2.391693607e-05 -1.780981587e-05 -2.981961388e-05
766 0.003365045195 0.002625070126 300.0000003 -2.355531625e-05 -1.83754908e-05 -2.98749324e-05
767 0.003310074545 0.00269594697 300.0000003 -2.317052171e-05 -1.887162871e-05 -2.988329711e-05
768 0.00324474782 0.002764100128 300.0000003 -2.271323464e-05 -1.934870081e-05 -2.983727954e-05
769 0.003178630043 0.002839261051 300.0000003 -2.22504102e-05 -1.987482727e-05 -2.983436798e-05
770 0.003118868177 0.002916467084 300.0000003 -2.183207714e-05 -2.041526949e-05 -2.989017933e-05
771 0.003063444442 0.00298427925 300.0000003 -2.1444111e-05 -2.088995465e-05 -2.993726944e-05
772 0.002990481738 0.003037862308 300.0000003 -2.093337207e-05 -2.126503606e-05 -2.983970216e-05
773 0.002949430963 0.003114863954 300.0000003 -2.064601664e-05 -2.180404758e-05 -3.002789526e-05
774 0.002880007096 0.003157657742 300.0000003 -2.016004958e-05 -2.210360409e-05 -2.991649901e-05
775 0.002801427268 0.003215893024 300.0000003 -1.960999078e-05 -2.251125106e-05 -2.985478459e-05
776 0.002720391226 0.003276893144 300.0000003 -1.90427385e-05 -2.293825191e-05 -2.981256933e-05
777 0.002641745591 0.00334187396 300.0000003 -1.849221905e-05 -2.339311761e-05 -2.98194587e-05
778 0.002570941334 0.003406562576 300.0000003 -1.799658926e-05 -2.384593792e-05 -2.987483858e-05
779 0.002499506848 0.003460798403 300.0000003 -1.749654786e-05 -2.422558871e-05 -2.988324506e-05
780 0.002418772128 0.00350972313 300.0000003 -1.693140482e-05 -2.456806179e-05 -2.983726076e-05
781 0.002335457508 0.003565213203 300.0000003 -1.634820248e-05 -2.495649231e-05 -2.983438004e-05
782 0.002257751033 0.00362432573 300.0000003 -1.580425716e-05 -2.537027999e-05 -2.989022669e-05
783 0.002186664838 0.003675489772 300.0000003 -1.53066538e-05 -2.572842829e-05 -2.993736248e-05
784 0.002102319039 0.003708373941 300.0000003 -1.47162332e-05 -2.595861746e-05 -2.98398616e-05
785 0.002042734476 0.00377214708 300.0000003 -1.429914127e-05 -2.640502944e-05 -3.002817045e-05
786 0.001964596427 0.003795538031 300.0000003 -1.375217493e-05 -2.656876609e-05 -2.991691239e-05
787 0.001873613971 0.003831493787 300.0000003 -1.311529774e-05 -2.682045639e-05 -2.985545035e-05
788 0.001779538089 0.003869508515 300.0000003 -1.245676657e-05 -2.708655948e-05 -2.981363342e-05
789 0.001686731462 0.003912027319 300.0000003 -1.180712018e-05 -2.73841911e-05 -2.982116714e-05
790 0.001601561539 0.003956344798 300.0000003 -1.121093072e-05 -2.769441346e-05 -2.987750834e-05
791 0.001518471107 0.003990455739 300.0000003 -1.06292977e-05 -2.793319004e-05 -2.988720588e-05
792 0.001427738117 0.004017122402 300.0000003 -9.994166772e-06 -2.811985668e-05 -2.984308478e-05
793 0.001332743445 0.004049653333 300.0000003 -9.329204073e-06 -2.83475732e-05 -2.984323969e-05
794 0.001242125377 0.004087388057 300.0000003 -8.694877599e-06 -2.861171627e-05 -2.990369884e-05
795 0.001159849913 0.004119392005 300.0000003 -8.11894935e-06 -2.88357439e-05 -2.995692683e-05
796 0.001069230084 0.004130621428 300.0000003 -7.484610555e-06 -2.891434986e-05 -2.986735715e-05
797 0.0009944695049 0.004179007225 300.0000003 -6.961286503e-06 -2.925305044e-05 -3.006992634e-05
798 0.0009115901229 0.004184015489 300.0000003 -6.381130831e-06 -2.928810829e-05 -2.997519171e-05
799 0.0008124191898 0.004200391687 300.0000003 -5.686934302e-06 -2.940274167e-05 -2.994766167e-05
800 0.0007119230176 0.00422202091 300.0000003 -4.9834611e-06 -2.955414623e-05 -2.99713604e-05
801 0.0006163027087 0.004248113725 300.0000003 -4.314118941e-06 -2.973679594e-05 -3.004810568e-05
802 0.003870540638 0.001508260428 300.0000002 -2.709378434e-05 -1.055782295e-05 -2.907818384e-05
803 0.003858132669 0.001603614547 300.0000002 -2.700692856e-05 -1.122530177e-05 -2.924690736e-05
804 0.003848642519 0.001683822907 300.0000002 -2.694049751e-05 -1.178676029e-05 -2.940608992e-05
805 0.003800597135 0.001749210204 300.0000002 -2.660417982e-05 -1.224447137e-05 -2.928667723e-05
806 0.003736918622 0.001834050396 300.0000002 -2.615843023e-05 -1.283835272e-05 -2.913909354e-05
807 0.003701465191 0.001939479137 300.0000002 -2.591025621e-05 -1.35763539e-05 -2.925164546e-05
808 0.003673879698 0.002031901778 300.0000002 -2.571715776e-05 -1.422331238e-05 -2.938834494e-05
809 0.003665633155 0.002092644111 300.0000003 -2.565943197e-05 -1.464850871e-05 -2.95463239e-05
810 0.003570730728 0.002203079456 300.0000002 -2.499511498e-05 -1.542155612e-05 -2.936971512e-05
811 0.003524572768 0.002146065899 300.0000002 -2.467200926e-05 -1.502246122e-05 -2.88856778e-05
812 0.003499765015 0.002288256755 300.0000002 -2.449835499e-05 -1.601779721e-05 -2.927010804e-05
813 0.003436936529 0.002369904414 300.0000002 -2.405855559e-05 -1.658933082e-05 -2.922362049e-05
814 0.003361975082 0.002448999096 300.0000002 -2.353382547e-05 -1.714299359e-05 -2.911568598e-05
815 0.003312529104 0.002547539098 300.0000002 -2.318770362e-05 -1.78327736e-05 -2.925196427e-05
816 0.003281037146 0.002622957413 300.0000002 -2.296725991e-05 -1.836070181e-05 -2.940425817e-05
817 0.003217837466 0.002673360351 300.0000002 -2.252486216e-05 -1.871352237e-05 -2.928421648e-05
818 0.003134506965 0.002738740525 300.0000002 -2.194154865e-05 -1.917118358e-05 -2.913701833e-05
819 0.003073042527 0.002831374985 300.0000002 -2.151129759e-05 -1.98196248e-05 -2.924984532e-05
820 0.003022542911 0.002913502397 300.0000002 -2.115780028e-05 -2.039451669e-05 -2.938688183e-05
821 0.00299888791 0.002970040045 300.0000003 -2.099221527e-05 -2.079028022e-05 -2.954503094e-05
822 0.002878741868 0.003052167107 300.0000002 -2.015119298e-05 -2.136516965e-05 -2.936904923e-05
823 0.002848940791 0.002985154735 300.0000002 -1.994258544e-05 -2.089608305e-05 -2.888516922e-05
824 0.002788193872 0.003116082895 300.0000002 -1.951735702e-05 -2.181258016e-05 -2.926970923e-05
825 0.002706400236 0.003178692031 300.0000002 -1.894480156e-05 -2.225084411e-05 -2.922337369e-05
826 0.00261354115 0.003235693361 300.0000002 -1.829478797e-05 -2.264985342e-05 -2.911554785e-05
827 0.002540284479 0.003318080052 300.0000002 -1.778199127e-05 -2.322656025e-05 -2.925187711e-05
828 0.002490350449 0.003382779167 300.0000002 -1.743245307e-05 -2.367945406e-05 -2.940419978e-05
829 0.002416264367 0.003415108334 300.0000002 -1.691385049e-05 -2.390575823e-05 -2.928418711e-05
830 0.00231885594 0.003456694594 300.0000002 -1.62319915e-05 -2.419686205e-05 -2.913701565e-05
831 0.002235511662 0.003530268065 300.0000002 -1.564858156e-05 -2.471187634e-05 -2.924987072e-05
832 0.002165476709 0.003596532854 300.0000002 -1.515833689e-05 -2.517572986e-05 -2.938694525e-05
833 0.002127994004 0.003645028221 300.0000003 -1.489595796e-05 -2.551519743e-05 -2.954513265e-05
834 0.001990683148 0.003693281438 300.0000002 -1.393478197e-05 -2.585296994e-05 -2.936927312e-05
835 0.001979244913 0.003620822853 300.0000002 -1.385471432e-05 -2.534575985e-05 -2.888530165e-05
836 0.001886673157 0.00373161059 300.0000002 -1.320671204e-05 -2.612127401e-05 -2.927009051e-05
837 0.001791454197 0.003770956653 300.0000002 -1.254017932e-05 -2.639669645e-05 -2.922399153e-05
838 0.001686993904 0.003802037324 300.0000002 -1.180895727e-05 -2.661426115e-05 -2.911649649e-05
839 0.001594880691 0.003862783215 300.0000002 -1.116416479e-05 -2.703948238e-05 -2.92535841e-05
840 0.001529863028 0.003912514764 300.0000002 -1.070904115e-05 -2.738760322e-05 -2.940687628e-05
841 0.001449887194 0.003924714327 300.0000002 -1.014921031e-05 -2.747300016e-05 -2.928774843e-05
842 0.001344942174 0.003939915786 300.0000002 -9.414595177e-06 -2.757941037e-05 -2.914203971e-05
843 0.001245158301 0.003990016721 300.0000002 -8.716108064e-06 -2.793011692e-05 -2.925853672e-05
844 0.001159955856 0.004036791186 300.0000002 -8.119690952e-06 -2.825753817e-05 -2.940098374e-05
845 0.001110838379 0.004074797916 300.0000003 -7.775868614e-06 -2.852358528e-05 -2.956448968e-05
846 0.0009638000944 0.004088346392 300.0000002 -6.746600629e-06 -2.861842461e-05 -2.940290542e-05
847 0.0009722435518 0.004013271103 300.0000002 -6.805704831e-06 -2.809289759e-05 -2.890551008e-05
848 0.0008496184741 0.004101959735 300.0000002 -5.947329291e-06 -2.871371801e-05 -2.932317049e-05
849 0.0007402158014 0.004122335742 300.0000002 -5.181510585e-06 -2.885635006e-05 -2.931786129e-05
850 0.0006331492975 0.004148220879 300.0000002 -4.432045062e-06 -2.903754602e-05 -2.937383363e-05
851 0.000428433548 0.004418444923 300.0000005 -2.999034822e-06 -3.092911432e-05 -3.107417452e-05
852 0.0004939660868 0.004460551238 300.0000005 -3.457762592e-06 -3.122385852e-05 -3.141473322e-05
853 0.0004940757332 0.004358479656 300.0000004 -3.458530116e-06 -3.050935745e-05 -3.070476059e-05
854 0.000391230941 0.004342067767 300.0000004 -2.738616575e-06 -3.039447423e-05 -3.051760286e-05
855 0.00044155282 0.004245377038 300.0000003 -3.090869726e-06 -2.971763913e-05 -2.987794422e-05
856 0.0004463242927 0.00413219253 300.0000002 -3.124270034e-06 -2.892534758e-05 -2.909358685e-05
857 0.0005349220316 0.00418632438 300.0000003 -3.744454204e-06 -2.930427052e-05 -2.954253219e-05
858 0.0005362852489 0.004275540831 300.0000004 -3.753996725e-06 -2.992878568e-05 -3.016330061e-05
