body r sigma_rr sigma_tt tau_rt von_mises ur T
inner 0.001 -30225571.64 -449921577 15069702.86 436377315.6 -3.053294237e-06 300.0000007
inner 0.001125 -53007019.47 -416280678 12148436.66 393034734.5 -3.069786811e-06 300.0000007
inner 0.00125 -86504091.75 -383586928.9 9858786.061 348900613.3 -3.117776097e-06 300.0000007
inner 0.001375 -110374642.2 -361468656.8 7667890.233 321125469.9 -3.190732365e-06 300.0000007
inner 0.0015 -131178021.8 -338772182.5 5964267.823 296043101.2 -3.28162651e-06 300.0000007
inner 0.001625 -145890975.6 -325777529 4567872.544 282753903.6 -3.387816784e-06 300.0000007
inner 0.00175 -159474495 -312227497.7 4092635.899 270510723.2 -3.505150098e-06 300.0000006
inner 0.001875 -168437229.9 -303601409.7 3040489.707 263504970.9 -3.632061607e-06 300.0000006
inner 0.002 -177436042.2 -294797466 2856346.783 257110629 -3.765849499e-06 300.0000006
inner 0.002125 -183720391.5 -288493033 2107197.148 252967745.4 -3.906392512e-06 300.0000006
inner 0.00225 -189887019.2 -282407685.5 1965875.128 249393707.4 -4.051783146e-06 300.0000005
inner 0.002375 -194229797.5 -278222450.4 1490263.835 247185190.9 -4.201715354e-06 300.0000005
inner 0.0025 -198659847.8 -273769311.5 1446716.777 245019754.8 -4.355037588e-06 300.0000005
inner 0.002625 -201919454.2 -270509394.7 1095864.936 243576049.8 -4.511752613e-06 300.0000004
inner 0.00275 -205196269.8 -267241204.4 1061537.468 242259886.8 -4.671030999e-06 300.0000004
inner 0.002875 -207626137.6 -264885826.4 825162.582 241408234.5 -4.832775892e-06 300.0000003
inner 0.003 -210104474 -262404485.9 818453.4787 240561130.1 -4.996455164e-06 300.0000003
inner 0.003125 -212046108.1 -260516625.2 655028.9797 239983780 -5.162029414e-06 300.0000003
inner 0.00325 -214070084 -258513432.9 705109.9219 239409053.9 -5.329208379e-06 300.0000002
inner 0.003375 -215563006 -257048480.4 557210.6644 239023260.7 -5.497860948e-06 300.0000002
inner 0.0035 -217167062.4 -255429608.5 559711.338 238612363.4 -5.667726866e-06 300.0000002
inner 0.003625 -218562337.4 -254247168.1 518799.9032 238417847.4 -5.83886701e-06 300.0000001
inner 0.00375 -220177350.2 -252820118.6 1214133.851 238191596.1 -6.011271851e-06 300.0000001
inner 0.003875 -225120523.3 -250845148.7 3237609.874 239089091.9 -6.18567768e-06 300
inner 0.004 -228184956 -250428983.6 6890857.93 240377567.8 -6.36805159e-06 300
outer 0.004 -204544797.8 1001423657 -21427478.11 1118437001 -6.369693381e-06 300
outer 0.004125 -188287694 969321762.1 -14499889.62 1076187267 -7.580550443e-06 300.0000002
outer 0.00425 -150857313.8 938033898.4 -11895429.97 1022056408 -8.758664394e-06 300.0000003
outer 0.004375 -120269950.2 905757749.8 -9711462.961 971637967.2 -9.90860411e-06 300.0000005
outer 0.0045 -91404364.43 881904133.5 -9364789.356 931119027.4 -1.103442326e-05 300.0000006
outer 0.004625 -65145346.08 851418337.2 -7553844.342 885886124.2 -1.213705675e-05 300.0000007
outer 0.00475 -42594296.32 830665016.3 -7256336.552 852852975.9 -1.321938009e-05 300.0000007
outer 0.004875 -21749284.98 807646235.7 -6484431.636 818814597.6 -1.428296328e-05 300.0000008
outer 0.005 -12312317.34 780314780.4 -8802627.492 786690975.9 -1.532828477e-05 300.0000008
