74
1.000000000000 0.000000000000
4.000000000000 0.000000000000
3.996192886327 0.174477549461
3.984778792367 0.348622970991
3.965779445495 0.522104768880
3.939231012049 0.694592710668
3.905184028480 0.865758455752
3.863703305156 1.035276180410
3.814867802993 1.202823198017
3.758770483144 1.368080573303
3.695518130045 1.530733729460
3.625231148147 1.690473046963
3.548043332713 1.846994452940
3.464101615138 2.000000000000
3.373565783252 2.149198433387
3.276608177156 2.294305745404
3.173413361165 2.435045716035
3.064177772476 2.571150438746
2.949109347240 2.702360830463
2.828427124746 2.828427124746
2.702360830463 2.949109347240
2.571150438746 3.064177772476
2.435045716035 3.173413361165
2.294305745404 3.276608177156
2.149198433387 3.373565783252
2.000000000000 3.464101615138
1.846994452940 3.548043332713
1.690473046963 3.625231148147
1.530733729460 3.695518130045
1.368080573303 3.758770483144
1.202823198017 3.814867802993
1.035276180410 3.863703305156
0.865758455752 3.905184028480
0.694592710668 3.939231012049
0.522104768880 3.965779445495
0.348622970991 3.984778792367
0.174477549461 3.996192886327
0.000000000000 4.000000000000
0.000000000000 1.000000000000
0.043619387365 0.999048221582
0.087155742748 0.996194698092
0.130526192220 0.991444861374
0.173648177667 0.984807753012
0.216439613938 0.976296007120
0.258819045103 0.965925826289
0.300705799504 0.953716950748
0.342020143326 0.939692620786
0.382683432365 0.923879532511
0.422618261741 0.906307787037
0.461748613235 0.887010833178
0.500000000000 0.866025403784
0.537299608347 0.843391445813
0.573576436351 0.819152044289
0.608761429009 0.793353340291
0.642787609687 0.766044443119
0.675590207616 0.737277336810
0.707106781187 0.707106781187
0.737277336810 0.675590207616
0.766044443119 0.642787609687
0.793353340291 0.608761429009
0.819152044289 0.573576436351
0.843391445813 0.537299608347
0.866025403784 0.500000000000
0.887010833178 0.461748613235
0.906307787037 0.422618261741
0.923879532511 0.382683432365
0.939692620786 0.342020143326
0.953716950748 0.300705799504
0.965925826289 0.258819045103
0.976296007120 0.216439613938
0.984807753012 0.173648177667
0.991444861374 0.130526192220
0.996194698092 0.087155742748
0.999048221582 0.043619387365
1 1
74 1 2 3 4 5 6 7 8 9 10 11 12 13 14 15 16 17 18 19 20 21 22 23 24 25 26 27 28 29 30 31 32 33 34 35 36 37 38 39 40 41 42 43 44 45 46 47 48 49 50 51 52 53 54 55 56 57 58 59 60 61 62 63 64 65 66 67 68 69 70 71 72 73 74
74
1 2 1
2 3 4
3 4 4
4 5 4
5 6 4
6 7 4
7 8 4
8 9 4
9 10 4
10 11 4
11 12 4
12 13 4
13 14 4
14 15 4
15 16 4
16 17 4
17 18 4
18 19 4
19 20 4
20 21 4
21 22 4
22 23 4
23 24 4
24 25 4
25 26 4
26 27 4
27 28 4
28 29 4
29 30 4
30 31 4
31 32 4
32 33 4
33 34 4
34 35 4
35 36 4
36 37 4
37 38 4
38 39 2
39 40 3
40 41 3
41 42 3
42 43 3
43 44 3
44 45 3
45 46 3
46 47 3
47 48 3
48 49 3
49 50 3
50 51 3
51 52 3
52 53 3
53 54 3
54 55 3
55 56 3
56 57 3
57 58 3
58 59 3
59 60 3
60 61 3
61 62 3
62 63 3
63 64 3
64 65 3
65 66 3
66 67 3
67 68 3
68 69 3
69 70 3
70 71 3
71 72 3
72 73 3
73 74 3
74 1 3
