74
4.000000000000 0.000000000000
5.000000000000 0.000000000000
4.995241107909 0.218096936827
4.980973490459 0.435778713738
4.957224306869 0.652630961100
4.924038765061 0.868240888335
4.881480035600 1.082198069691
4.829629131445 1.294095225513
4.768584753741 1.503528997521
4.698463103930 1.710100716628
4.619397662556 1.913417161825
4.531538935183 2.113091308703
4.435054165891 2.308743066175
4.330127018922 2.500000000000
4.216957229064 2.686498041734
4.095760221445 2.867882181755
3.966766701456 3.043807145044
3.830222215595 3.213938048433
3.686386684051 3.377951038078
3.535533905933 3.535533905933
3.377951038078 3.686386684051
3.213938048433 3.830222215595
3.043807145044 3.966766701456
2.867882181755 4.095760221445
2.686498041734 4.216957229064
2.500000000000 4.330127018922
2.308743066175 4.435054165891
2.113091308703 4.531538935183
1.913417161825 4.619397662556
1.710100716628 4.698463103930
1.503528997521 4.768584753741
1.294095225513 4.829629131445
1.082198069691 4.881480035600
0.868240888335 4.924038765061
0.652630961100 4.957224306869
0.435778713738 4.980973490459
0.218096936827 4.995241107909
0.000000000000 5.000000000000
0.000000000000 4.000000000000
0.174477549461 3.996192886327
0.348622970991 3.984778792367
0.522104768880 3.965779445495
0.694592710668 3.939231012049
0.865758455752 3.905184028480
1.035276180410 3.863703305156
1.202823198017 3.814867802993
1.368080573303 3.758770483144
1.530733729460 3.695518130045
1.690473046963 3.625231148147
1.846994452940 3.548043332713
2.000000000000 3.464101615138
2.149198433387 3.373565783252
2.294305745404 3.276608177156
2.435045716035 3.173413361165
2.571150438746 3.064177772476
2.702360830463 2.949109347240
2.828427124746 2.828427124746
2.949109347240 2.702360830463
3.064177772476 2.571150438746
3.173413361165 2.435045716035
3.276608177156 2.294305745404
3.373565783252 2.149198433387
3.464101615138 2.000000000000
3.548043332713 1.846994452940
3.625231148147 1.690473046963
3.695518130045 1.530733729460
3.758770483144 1.368080573303
3.814867802993 1.202823198017
3.863703305156 1.035276180410
3.905184028480 0.865758455752
3.939231012049 0.694592710668
3.965779445495 0.522104768880
3.984778792367 0.348622970991
3.996192886327 0.174477549461
1 1
74 1 2 3 4 5 6 7 8 9 10 11 12 13 14 15 16 17 18 19 20 21 22 23 24 25 26 27 28 29 30 31 32 33 34 35 36 37 38 39 40 41 42 43 44 45 46 47 48 49 50 51 52 53 54 55 56 57 58 59 60 61 62 63 64 65 66 67 68 69 70 71 72 73 74
74
1 2 1
2 3 6
3 4 6
4 5 6
5 6 6
6 7 6
7 8 6
8 9 6
9 10 6
10 11 6
11 12 6
12 13 6
13 14 6
14 15 6
15 16 6
16 17 6
17 18 6
18 19 6
19 20 6
20 21 6
21 22 6
22 23 6
23 24 6
24 25 6
25 26 6
26 27 6
27 28 6
28 29 6
29 30 6
30 31 6
31 32 6
32 33 6
33 34 6
34 35 6
35 36 6
36 37 6
37 38 6
38 39 2
39 40 5
40 41 5
41 42 5
42 43 5
43 44 5
44 45 5
45 46 5
46 47 5
47 48 5
48 49 5
49 50 5
50 51 5
51 52 5
52 53 5
53 54 5
54 55 5
55 56 5
56 57 5
57 58 5
58 59 5
59 60 5
60 61 5
61 62 5
62 63 5
63 64 5
64 65 5
65 66 5
66 67 5
67 68 5
68 69 5
69 70 5
70 71 5
71 72 5
72 73 5
73 74 5
74 1 5
