38
1.000000000000 0.000000000000
4.000000000000 0.000000000000
3.984778792367 0.348622970991
3.939231012049 0.694592710668
3.863703305156 1.035276180410
3.758770483144 1.368080573303
3.625231148147 1.690473046963
3.464101615138 2.000000000000
3.276608177156 2.294305745404
3.064177772476 2.571150438746
2.828427124746 2.828427124746
2.571150438746 3.064177772476
2.294305745404 3.276608177156
2.000000000000 3.464101615138
1.690473046963 3.625231148147
1.368080573303 3.758770483144
1.035276180410 3.863703305156
0.694592710668 3.939231012049
0.348622970991 3.984778792367
0.000000000000 4.000000000000
0.000000000000 1.000000000000
0.087155742748 0.996194698092
0.173648177667 0.984807753012
0.258819045103 0.965925826289
0.342020143326 0.939692620786
0.422618261741 0.906307787037
0.500000000000 0.866025403784
0.573576436351 0.819152044289
0.642787609687 0.766044443119
0.707106781187 0.707106781187
0.766044443119 0.642787609687
0.819152044289 0.573576436351
0.866025403784 0.500000000000
0.906307787037 0.422618261741
0.939692620786 0.342020143326
0.965925826289 0.258819045103
0.984807753012 0.173648177667
0.996194698092 0.087155742748
1 1
38 1 2 3 4 5 6 7 8 9 10 11 12 13 14 15 16 17 18 19 20 21 22 23 24 25 26 27 28 29 30 31 32 33 34 35 36 37 38
38
1 2 1
2 3 4
3 4 4
4 5 4
5 6 4
6 7 4
7 8 4
8 9 4
9 10 4
10 11 4
11 12 4
12 13 4
13 14 4
14 15 4
15 16 4
16 17 4
17 18 4
18 19 4
19 20 4
20 21 2
21 22 3
22 23 3
23 24 3
24 25 3
25 26 3
26 27 3
27 28 3
28 29 3
29 30 3
30 31 3
31 32 3
32 33 3
33 34 3
34 35 3
35 36 3
36 37 3
37 38 3
38 1 3
