38
4.000000000000 0.000000000000
5.000000000000 0.000000000000
4.980973490459 0.435778713738
4.924038765061 0.868240888335
4.829629131445 1.294095225513
4.698463103930 1.710100716628
4.531538935183 2.113091308703
4.330127018922 2.500000000000
4.095760221445 2.867882181755
3.830222215595 3.213938048433
3.535533905933 3.535533905933
3.213938048433 3.830222215595
2.867882181755 4.095760221445
2.500000000000 4.330127018922
2.113091308703 4.531538935183
1.710100716628 4.698463103930
1.294095225513 4.829629131445
0.868240888335 4.924038765061
0.435778713738 4.980973490459
0.000000000000 5.000000000000
0.000000000000 4.000000000000
0.348622970991 3.984778792367
0.694592710668 3.939231012049
1.035276180410 3.863703305156
1.368080573303 3.758770483144
1.690473046963 3.625231148147
2.000000000000 3.464101615138
2.294305745404 3.276608177156
2.571150438746 3.064177772476
2.828427124746 2.828427124746
3.064177772476 2.571150438746
3.276608177156 2.294305745404
3.464101615138 2.000000000000
3.625231148147 1.690473046963
3.758770483144 1.368080573303
3.863703305156 1.035276180410
3.939231012049 0.694592710668
3.984778792367 0.348622970991
1 1
38 1 2 3 4 5 6 7 8 9 10 11 12 13 14 15 16 17 18 19 20 21 22 23 24 25 26 27 28 29 30 31 32 33 34 35 36 37 38
38
1 2 1
2 3 6
3 4 6
4 5 6
5 6 6
6 7 6
7 8 6
8 9 6
9 10 6
10 11 6
11 12 6
12 13 6
13 14 6
14 15 6
15 16 6
16 17 6
17 18 6
18 19 6
19 20 6
20 21 2
21 22 5
22 23 5
23 24 5
24 25 5
25 26 5
26 27 5
27 28 5
28 29 5
29 30 5
30 31 5
31 32 5
32 33 5
33 34 5
34 35 5
35 36 5
36 37 5
37 38 5
38 1 5
